-10.9955     -53.6419      35.7211
-18.7247     -49.5974      64.3576
-50.5142     -8.45268      36.6603
-10.7802      26.9416      57.6359
-18.3044     -85.5547        21.51
-47.3402     -58.8286      31.4622
-38.1891      48.9865      10.4608
-16.8895     -60.3193     -5.21514
-55.9023      -47.733     -10.2862
-32.1166     -28.8935      14.5318
-28.5788      5.26769     -28.1127
-5.72092     -26.8421      28.3631
-13.8831     -57.1331      17.4443
-9.95062     -51.3368      4.95034
-11.8354     -82.6982      4.56515
-24.2356       -58.22      2.53822
-9.47596     -58.1936      2.96367
-29.4779     -34.3038     -9.60937
-16.2543     -38.8246    -0.774248
-17.2915     -47.9846     -3.60194
-16.6607     -37.1934       41.262
-9.97065     -1.46838      42.3748
-3.93222      11.7419      64.6767
-5.67486      28.5145      45.5244
-5.74195      43.1901      36.1011
-1.77841     -20.6248       36.828
-7.86045      13.1267      34.0697
-7.86075      23.6563      28.4477
-9.32115      32.1604      22.1868
-10.9272     -47.5672      59.0575
-16.7108     -32.2619      68.1311
-9.57981     -30.6316      68.8312
-6.51724     -20.7728      74.0919
-7.8548      -8.7648      61.7488
-11.0222     -40.9462      63.7239
-5.45849     -28.2772      59.2939
-6.72522     -15.5278      48.2045
-36.0925     -29.5306      54.2195
-40.4431     -12.6447      50.8166
-41.5884     -5.71259      47.2549
-26.5383     -8.22852      45.8683
-28.0785      2.63179      54.7367
-19.6147      6.25152      55.7256
-18.725      29.7341      44.2781
-35.0786     -23.8364      61.8067
-19.0352     -25.2877      63.8484
-22.1832     -14.8569      66.3528
-15.943     -9.62407      68.5404
-21.0671     -1.62125      64.1037
-27.4707     -45.5176      62.8021
-30.8281     -49.5642      48.6306
-41.8461     -44.0257      42.1723
-51.5468     -12.5148      31.3243
-53.9836     -21.5338      39.0748
-50.9525     -30.6342      38.5064
-36.2758     -34.8514      43.7448
-27.7927     -36.7269       63.528
-48.2721     -30.4818      56.2507
-45.2848     -18.7199      52.3614
-44.3182     -54.9959      15.1725
-51.6352     -56.4553      11.1582
-48.2134     -40.6143      3.48644
-58.4173     -41.7183      35.4448
-47.0196     -42.0925      26.7219
-35.6435     -33.5621      19.9518
-53.5095     -19.7581      5.28191
-58.3476     -39.6729      17.0217
-57.6586     -31.3889      11.5262
-41.304     -38.9203      15.4115
-33.5206     -22.4534      11.1488
-38.5866     -15.8427     -6.19243
-38.7615     -1.76824     -12.4618
-32.6821      16.5461     -32.2851
-45.1993      35.1478      8.92068
-50.0374      20.5897       10.999
-37.7572      3.00884      11.9474
-36.7331     -12.5014      18.5106
-40.0369      50.4804       -4.798
-48.1272      38.7055     -7.57028
-30.7998      20.3016     -15.7281
-36.3478     0.586652        7.125
-37.1979      7.99799    -0.195648
-33.0157      17.6383     -7.01755
-28.9203      22.2378      10.6406
-43.7146      33.6679     -5.73376
-47.6118      28.0203      2.17772
-19.9294     -64.4249      51.2473
-25.4111      -65.172      31.2864
-12.8001     -64.5273      31.7165
-13.8461     -77.4872      26.4294
-10.0944     -57.5316      58.5993
-6.77162      -65.018      54.4386
-13.5058     -73.3536      42.3018
-39.3928     -74.0862      38.0137
-29.9516      -75.661      35.1119
-33.2837     -61.0854       42.403
-30.62     -86.0016      9.18024
-35.6951     -86.5776    -0.049762
-44.0168     -68.6455      10.5766
-47.7267     -58.6065     -8.48603
-60.016     -3.68154      9.73582
-52.2657     -14.3378      15.7662
-55.1047     -32.5095      23.3168
-52.0003     -24.2272      19.1115
-58.8785     -24.3868      31.7747
-47.3524      3.86582      32.4064
-34.8192      3.72277      32.4854
-44.4858      20.6952      34.4035
-40.9453      22.0828      22.8543
-37.7709      36.9573      17.6482
-51.1186     -2.27502      6.08575
-50.4632      6.33496      10.4577
-41.3786      7.65535       21.616
-29.0003      53.3102     0.543313
-24.9593      60.3594      -6.1321
-6.34578      55.9873     -10.1399
-8.06167      39.3254     -9.23954
-32.1001       4.5127     -15.6025
-36.2405      36.8275     -10.1185
-22.0709      33.3674     -14.4547
-23.7896      53.9605     -12.8323
-17.1213      46.6575     -17.8173
-12.3788      27.1537     -17.0954
-9.43455      47.0243     -21.5969
-2.48184      36.3158     -25.4717
-63.3649     -28.9407     -7.17532
-54.1843     -10.5587      -16.707
-51.9531     -11.3993     -30.4152
-44.6827      8.93022     -36.6844
-33.9657     -33.2674     -15.2384
-29.2479     -58.3774     -8.07605
-32.8129     -62.8386     -14.9488
-54.7075     -37.7819      -16.145
-29.6143      -1.2197     -44.0344
-38.0522     -12.3721     -28.8315
-34.1559     -42.1305     -22.0883
-4.47122     -88.5161      17.7247
-8.73783     -77.9234     -3.36091
-40.6393     -71.0187     -5.16368
-27.3249     -96.6336     -8.09834
-24.1169     -81.5001     -11.0785
-20.5287     -12.6781     -23.7857
-22.1247     -35.6956     -16.0375
-21.8446     -22.0565     -17.4837
-15.1944      47.8788      38.2413
-20.7366      55.0137      27.8151
-27.4241      47.8254      20.8628
-22.3358      59.5979      3.24967
-29.7748      51.5074       11.228
-6.46271      56.0438      18.8299
-17.3949      64.0717      13.5759
-7.53927      44.9085      5.45082
-29.6424      39.3982      28.1574
-26.9729       27.117      38.9154
-36.8449      33.4968       31.375
-29.7531      17.8577      50.6557
-42.009      15.7988      45.8762
-38.2254      4.53926      47.0182
-49.6468      7.60921     -21.3607
-54.8861     0.066614     -1.56109
-57.4679      -17.236     -3.54142
11.8486     -52.1817      32.7136
20.8451     -48.2847      66.2668
49.3161     -7.22934      36.0582
12.2257      23.2219         58.5
23.0729     -84.3542       24.759
48.2443     -43.0544      41.4004
37.729      44.6163      6.61104
20.7089     -47.0546     -10.2464
58.7069     -42.6242      -10.548
33.5191     -22.3153      12.3564
33.197      11.9383     -30.1914
6.74419     -27.7806      28.1824
12.1529     -53.4204      9.65158
15.5331     -74.0289      9.34816
20.4716     -45.4716     -3.83673
15.4454     -57.6625     -4.80135
23.1069     -35.1617     -4.80314
18.6378     -29.9102     -10.7617
16.8282     -32.6241      41.9377
6.99988      4.04652      55.0372
7.24992      25.8344      47.1403
6.95156       34.415      22.9719
10.3116      43.1583      4.66752
8.26473      1.54719      40.8555
3.199     -20.6448      37.0281
9.12782      9.23941      46.6534
4.83643      20.8191      32.6786
10.3953     -58.4849      57.6187
17.0977     -31.7787      69.6185
5.17096     -27.1878      63.3753
16.1072     0.766317      67.2052
11.7572     -40.3551       65.953
6.1497      -16.696      50.6867
8.18493     -9.43174      49.2751
8.13524     -5.92708      62.2745
41.8311     -10.8247      47.4566
42.7079     -3.04572      48.6084
29.0917      2.40562      52.1947
22.0701      21.8283      45.2259
34.875     -23.7242      59.3288
18.253     -25.3912       64.858
30.322     -8.70847      48.4197
11.3374     -29.2212      69.4105
28.7724     -13.3096       65.852
15.9082     -17.6279      71.8143
19.5845     -7.10745       65.279
22.7967      4.70468      59.1213
30.0985     -43.0786      62.0247
33.9086     -40.6616      51.7789
38.5463      -43.605      41.3701
53.5875     -8.60105      27.1842
37.8839     -30.1184      41.0961
27.5393     -34.7336      64.5745
38.8847     -34.8666       59.295
36.9475     -26.4875      52.7673
49.8989     -24.9267      53.9989
46.1998     -15.5746      49.1977
57.5776     -40.2121      34.8958
48.8727     -53.5098       29.314
58.766     -46.6667      10.0156
60.0057     -39.6083      2.21864
54.6465     -27.6416      31.5076
36.2311     -30.9653      19.6192
64.9743     -24.9638     -5.76786
55.8366     -16.5397     -3.15793
53.7245      -16.167      5.23087
47.8501      -39.708      14.6718
45.1035     -36.5851      4.21482
60.4581     -39.0973      15.7483
48.5071     -28.5266      1.53336
63.72     -25.0996      2.08465
59.6026     -27.2272      10.8653
38.5466     -14.8529     -5.11583
39.1653      1.46403      -14.221
36.5091      37.7418      12.8704
52.4567      23.7777      10.5221
36.712      5.25838      13.1322
38.2224     -12.3595      20.3767
41.8119      49.0101      -4.0659
48.4949      37.2586     -7.89956
45.5918       31.746     -4.39267
28.6592      20.9708     -15.7429
36.0463     -10.6203      13.2605
38.713      9.82992    -0.761121
36.0295      5.02051      6.89854
30.5907       23.051     -3.68928
33.0864      21.7236      4.62186
35.7809      24.2839      10.2997
48.1227      38.2912      2.09781
26.5516     -55.4009      54.7864
22.097     -66.9656      51.2589
33.0066     -64.1258      31.9277
15.6646     -69.4727      39.5824
17.9577     -78.5006      33.9584
7.63481     -85.1046      30.4991
7.58344     -70.2691      49.3953
36.1274     -78.4763      21.2399
45.8375     -68.6303      36.5242
40.7394      -55.464      43.2328
36.3408     -57.8866      45.4322
32.6729     -48.8083      49.0196
31.6552     -85.5906      2.19757
43.7321     -67.4848      3.13205
47.0687     -53.8907     -10.7395
55.9868      -54.884     -1.33507
47.1796     -54.8987      9.58888
59.9998     -3.26421      10.2356
54.3121     -13.5952      17.5077
53.1486     -23.2418      39.2688
48.8599      2.03598      38.5469
39.312      28.1719      35.5429
43.0075      27.1775      22.1431
49.4275       1.3196      5.72617
47.1635      7.91538      18.1158
38.5254      17.9322      24.6529
28.3954      57.0398     -5.67482
4.86753      65.0349     -7.79083
7.69772      47.9837     -10.4186
2.67665        21.18     -23.8412
35.5119      38.6395     -7.95396
24.6269      10.3268     -17.0582
21.9072      33.0766     -14.6352
21.8955      52.9009      -13.573
13.5559      28.2741     -25.2244
13.9803      23.2082     -15.4415
10.5911      41.0289     -19.1723
2.87649      41.0107     -23.3679
62.5548     -26.2935     -15.7776
59.2465     -5.33612     -16.7267
54.409     -7.41216      -26.817
44.2921      14.6141      -29.934
30.104     -45.6119     -5.52303
34.7008     -35.7125     -12.1088
34.8101     -23.8942     -20.1632
20.0424     -21.4711     -21.4713
26.8599      -1.4816     -36.6357
27.6396     -68.1962     -7.38911
33.9309     -42.6674     -20.1881
35.6037      8.61333     -37.6523
53.6429     -8.24693     -38.8597
56.5361     -25.2689      -20.352
30.1751      2.64114     -46.0653
39.2054     -11.6298     -31.5201
31.1761     -8.28011     -34.2619
43.073     -22.4397     -20.8339
11.8816     -92.3772      14.8083
10.4991     -71.4111     -1.29076
22.4008     -84.9075     -7.36246
5.39471     -79.7303      22.1478
14.2361     -69.2416      22.2003
19.4088      -9.4809     -25.4271
23.7068     -33.8852     -15.5298
30.6105     -18.0455     -19.8744
20.9843      33.9162      39.0494
21.0265      44.4928      35.3508
23.7329      50.6038      22.6467
31.9485      40.3962      24.8158
23.0397      57.2536      5.03491
32.3042      52.8473      10.1308
17.393      60.5062        19.62
8.84727      55.4963      14.2713
6.02654      57.0755      30.0958
14.4195      45.3435      42.5048
6.77249      46.0933       35.906
31.0902      20.2128      48.6763
43.0716      20.0348      44.8485
38.0696       9.5059      41.1521
40.4997     -21.8036      1.03502
54.367      2.63517     -3.38457
52.9251      1.71749     -14.5272
56.0445     -5.64008     -8.98714
47.0098     -21.2438     -9.83619
