-3.34378     -53.2207      37.2425
-13.5521     -41.2403       59.711
-51.6828     -6.45347      36.9158
-8.55194      2.51835      59.3694
-49.5006     -57.6356      39.9947
-34.4377      42.5888      5.71921
-20.5425     -51.0905     -5.51623
-53.6383     -52.8702      -8.5902
-31.018     -28.0048      10.2067
-31.3545      3.73964     -22.0998
-5.43576     -47.7643      26.5402
4.5491     -37.6756      24.1792
-4.79915     -36.6009      23.6142
-12.4669     -54.9693      14.3065
13.2618     -51.9991      8.16109
11.5359     -49.5973      5.49498
-17.8935     -52.9915      5.83347
-22.4406     -61.5444      7.22562
-10.3834     -55.6848      3.00564
-12.533     -63.6414     -1.03761
-11.6952     -35.0722     -10.0955
14.5832      -37.157     -8.67283
22.1723     -49.8975     -7.68329
14.4216     -48.2499      2.01523
-11.4847     -41.3561     -4.00298
6.77741     -40.9067      31.9601
2.31182     -23.8764      31.4009
-3.16841     -38.2891      37.3041
9.76549     -34.2578      36.5443
-16.3345      -31.792      33.2795
-13.525     -18.1022      35.7297
-11.233     -11.3687      47.6817
5.28863     -5.13629      52.7036
-0.0982218       7.2255      55.3535
-9.37751      14.1101      47.7066
2.61547      18.5691      49.3811
-8.46151       25.603      42.5568
8.43536      21.1148      41.1252
-13.0184      17.1868      31.8611
7.01047      30.7185      32.7791
10.0361      28.3576      23.8923
-9.60148      28.7877      17.6719
2.81077      22.3752      27.3534
9.44769     -12.0622      39.8128
-6.77145     -9.28675      43.8253
-6.53483     -22.2872      38.5889
-9.36302     -12.4194      41.7169
-2.96079     -21.4734        28.12
0.850118     -8.33081      37.7059
4.52954     -5.40998      47.0788
4.45435       6.7061       50.736
-8.60511      3.28799      39.2377
-3.4381     -8.87694      35.8177
9.80635       2.6625      44.1479
10.3989      10.2714      37.4567
-2.9025      4.22463      31.4389
1.35633        7.152      36.9952
10.898     -62.2135      38.8065
-6.35503     -55.8395       49.623
5.48199     -64.1859       54.679
-15.0086     -52.1868      51.5468
-15.2229     -43.5982      70.7143
-5.49564     -36.4812      57.8093
3.34198     -28.0484      72.4999
-7.12225      -21.444      57.9297
-16.1115     -10.9656      65.3513
-13.8381      7.33245      57.8805
11.9009     -51.1827      54.5483
-16.3084     -45.9712      61.2523
4.73071     -54.0815      41.1523
-18.3126      -43.593      41.5861
16.4101     -50.5066      44.1588
-13.466     -43.5578      51.1556
-0.794386     -38.6547      62.3987
8.86587     -41.5702      47.9706
13.9877     -34.9123       40.324
-9.65153     -23.3142      42.0171
7.06937     -31.4674      55.4664
3.89319     -19.5023      47.9831
-0.369784      -23.431        59.34
-7.23572     -11.1727      61.4278
7.66539     -6.28887      63.0454
-16.7098     -33.3151       69.107
11.1469     -35.0009      59.1245
-25.6196     -33.2183      58.1934
19.3625      -31.801       54.713
-29.3751     -26.8814      50.1298
30.3052     -24.5812      55.0273
-34.2893     -21.8118      42.7556
-50.3854     -14.3494      45.8962
33.6602     -11.9409      44.7964
-33.0238     -12.2605      41.2183
24.2156     -10.8605        47.67
-26.1948     -4.90132      41.8076
16.9019     -7.99371      54.7538
-19.3039      4.18436      48.3078
19.8002       1.0809      47.0789
12.6733      1.76128       61.841
-15.5039      -31.759      56.3328
-36.0542     -22.1244      57.7572
-42.5411     -20.2893        50.65
-26.8905     -15.8352      56.8574
-19.788     -24.7618      70.9745
24.2255     -22.0581      68.3641
24.2763     -19.0153      56.1302
11.1109     -28.6116      72.0654
15.7434     -22.6648      64.0739
-21.632     -13.2657      60.2066
7.38776     -18.7278      68.1234
19.8584     -15.7875      59.9269
13.0634     -12.2619      69.7028
-22.9548       1.5455      59.0802
-17.2782     -4.20587      62.4102
-26.2969     -43.8917      54.5079
20.288     -42.3273      57.3423
-29.6452     -39.0636      48.9978
31.5989     -44.7453      50.5655
41.0452     -50.0181      51.0399
-38.0763     -43.2532      34.6107
31.998      -44.327      35.7072
42.1073     -37.9991      28.6187
54.2382     -29.8002      44.1817
-39.7867     -16.2175      28.7733
39.5705     -13.4399      32.1771
34.0652     -22.5349      35.8973
43.2499     -22.1955        42.76
-55.7194     -10.9989      35.5251
-56.7113     -16.0419      27.6639
48.1936     -23.0071      41.8544
-43.2193      -26.446      28.8702
-48.8705     -35.1123      42.5059
-34.8777     -36.6823       49.557
39.3021     -40.2395      44.8535
21.1445     -37.5462      55.8579
-32.0805     -36.3244      38.4524
-31.888     -32.2082      52.1218
49.7739     -39.3128      44.7382
34.2661      -36.952      51.3409
-30.6259     -33.9127      65.6833
34.7552     -28.0824      62.7727
32.0302     -37.7983      57.9072
-42.1122     -31.6123      57.5234
-42.0324     -30.2977      43.3724
30.7802      -28.297      50.8661
41.4754     -31.0342      47.2183
-48.7244     -32.3367      49.7293
-54.0228     -24.9963        43.17
-43.6432     -23.7084      45.5156
58.2304     -44.3686      25.3915
-41.2227     -63.1751       31.982
-46.1158     -47.3771      19.8125
46.9312     -41.7588      12.9423
-51.8598     -49.2906      5.50093
57.342     -46.0771    -0.861953
-65.7009     -46.7838     -5.13074
60.7214     -36.6533     -7.32103
-50.5889     -48.4401      32.7703
62.1127     -31.9235       28.955
-57.327     -40.0845      32.1184
-62.7332     -37.1981      26.7591
-45.2508     -36.5197      23.1137
55.6503     -27.7651      27.0543
46.1087     -35.6712      16.9826
45.211     -26.2952      18.6643
-37.1316     -28.8549      16.9744
35.371     -30.2262       16.389
-59.8103     -40.6997     -12.2247
62.4477     -24.1595     -10.7572
-45.4684     -39.0212     -3.37952
46.4813     -22.4471     -9.23258
-48.996      -21.538     -8.00833
-57.7272     -27.6493      11.1897
65.2123     -20.8786      7.03515
-42.7845     -26.0809      4.91218
42.424     -27.1845      9.81752
59.4359     -42.5246      16.8912
50.4649      -38.789      6.66599
54.3525     -31.5447     -3.88105
44.7     -36.7787     -1.16016
-58.1443     -42.5849      8.92135
-60.9142     -47.9354      22.4507
46.5868     -27.0522    -0.889701
-62.8361      -51.242       9.8421
59.5905      -30.785      1.23576
-61.6187      -43.111      19.4266
-56.1171     -34.5165     -0.82194
60.9866     -30.5918      12.7145
-58.4021     -42.9876      15.1958
-64.0453     -33.5553      4.99701
-48.7818     -36.1093      6.41836
54.286     -25.8929       9.1266
35.3217     -14.2213       11.447
-40.6072     -20.6946     -6.12725
36.5314     -14.0951     -6.71004
-36.7072     -3.39929     -15.4932
37.0578     0.481298     -13.8033
34.4001      10.5955     -18.9671
-38.2876       32.326       9.3249
43.8799      26.1084      11.1847
49.7963      23.7317     0.195585
-47.4527      15.2736      14.1047
46.7298       14.132      8.43275
54.274      10.4454      16.5225
34.6108       7.4173      15.4976
-34.2294        4.809      9.07827
-38.9962     -15.9447      14.0845
38.1745     -20.5641      19.0561
42.3225      34.3354     -9.38151
31.7472        30.77     -3.91051
-41.7731      22.4351     -10.6492
29.8201      18.6466     -3.68965
-24.2422      15.8618     -6.52747
27.1797      14.0416     -4.66199
-29.9688      2.51483     -13.0882
-35.7956     -15.7403     0.766366
-32.4143     -12.3427      10.6681
39.0681     -3.63469      0.91384
-34.8379      1.76963      1.59521
37.9223      8.12159    -0.628365
31.3293      3.18051      11.1932
27.9215      20.0196       12.569
-28.8055      15.6512      6.18167
-32.5387      15.6534       13.012
-34.03      31.3368      1.73514
41.4294      13.5038      16.7561
42.9327      23.7224    -0.708419
-44.8851       41.103    -0.728284
-19.8274     -52.4249      57.4693
16.0702     -57.8057      58.7676
19.537     -59.4212       49.121
-28.4291     -56.3913      59.8524
-20.3474     -64.8833      52.1876
29.8503     -68.2641      38.0123
-23.8804     -67.5366      40.4223
17.748     -78.9833      28.6199
-11.761     -76.4859      31.1076
21.7749     -79.5326      29.2958
9.19945     -52.6541       17.969
21.9777     -55.9648       20.179
8.59499     -60.9884      17.5449
5.31503     -59.6481      10.0178
-8.62928     -69.2503      11.6141
5.37932     -73.5294      16.5873
-9.80417     -72.1887      28.1271
-2.73751     -77.5672      17.1672
3.89357     -83.0369      19.6498
-10.8619      -87.284      22.3025
14.0919     -87.5592      14.5736
-14.7443     -89.6846      32.4053
-21.9859     -77.4313      45.7303
5.69177      -84.594      21.5129
-1.04639     -80.9659      39.6277
26.8043     -77.5614      43.4214
24.7743       -71.01      50.8955
3.44361     -78.7271      33.8117
-12.6392     -63.1479      57.1529
-7.2382      -71.932      56.0639
11.6538     -74.0167      50.4733
21.521      -68.798      33.9947
-13.0158     -69.6034      45.1542
-6.38541     -54.2391       62.964
11.1632     -76.8522      34.5818
-3.09642     -68.0253      44.4462
-11.8986     -65.5793      32.2576
-12.1652     -60.8809      36.4849
8.73707      -69.093      24.1872
-8.2078     -66.0455      23.5383
-19.0176     -80.3675      29.3041
-29.9439     -71.8986       28.483
31.1564      -75.211       18.632
-35.7577     -82.9107      30.1265
46.3882      -68.715      34.2381
-34.4612     -73.2594      38.3476
-36.8358     -63.9841      44.4885
45.8245     -59.5624      41.6998
55.2452     -43.5372      36.4125
46.9173     -46.4214      46.7754
-41.8513     -59.6936      41.7526
38.2342     -68.5241      26.3799
-38.4671     -51.9669      31.4198
29.5589     -58.0061      31.5721
-30.233     -63.5814      33.6049
41.3936     -55.0168      32.0881
38.0564     -54.2377      34.2988
-29.6658     -54.1784      39.3995
-29.1612     -52.7441      50.2971
33.9599     -61.0435      49.4198
-45.8627     -45.9298      51.4174
29.6956     -52.2597      55.0527
-34.6928     -50.4244      57.1785
23.8659     -53.1806       60.585
-24.3878      -76.659      16.7199
-32.3969     -81.6362     -1.39226
33.4716     -82.6475     0.812593
-41.9835     -78.7634       4.6885
-39.3507     -69.3434      5.86909
52.109     -49.6099     -12.1856
-49.3422     -55.2244     0.716275
34.1043     -70.7755      13.1256
48.0985     -49.5418    -0.853292
59.8545     -49.6348     -7.05174
-36.5466     -74.2663      14.5104
-38.2502     -59.5588      11.4783
-33.7442     -75.3447      22.9391
41.0554     -66.5752      21.1404
37.9644     -55.6704        12.01
38.9097     -80.5769      23.2741
63.2171     -48.0189      13.9048
-48.7104     -63.6487      21.4624
-48.3371     -57.2901      16.6502
-44.4831     -72.4382      25.7091
50.0152     -62.7859      11.5449
53.5714     -57.7212      12.2999
53.9657     -65.1516      21.6919
44.8716     -50.1987      21.8857
49.466     -48.0221      33.7256
46.602     -2.85308      48.0317
54.7593     -4.51516      31.3937
-54.3834     -3.57097      9.13783
49.9301     -11.5671      20.0278
59.4769     -5.55129      9.56677
-46.8999     -12.9478      9.03153
56.7292     -16.7257      10.9812
46.9056     -17.1605      14.5396
-48.548     -32.4304      12.6091
-56.6501     -36.6736      40.3623
59.7798     -19.8798      37.9275
55.5323     -28.4359      14.5867
-48.1763     -23.0369      17.2795
-54.4957     -25.6399      36.8473
-64.1791     -25.1544      14.1103
54.3541     -19.9076      29.8638
-58.1649     -16.0415       12.817
-56.0137     -25.4212      22.4247
59.8415     -19.7088      17.7959
55.7176     -16.4679      24.7724
63.7378     -11.2005      19.6656
-55.7711     -6.79248       12.898
-56.0085     -11.6213      20.5917
56.6929     -7.84964      29.5146
-40.2616     -2.02841      29.3349
29.2881     -4.35357       39.714
38.7275      11.6294      40.6142
-38.0999      12.8506      31.3941
31.668      19.4788      27.9408
-35.7673      32.1511      25.3451
29.4669      24.1862      34.2456
39.6241      26.3733      30.6978
-32.566       36.995       21.902
38.6626      28.6649        26.12
-41.0173     -7.30584      8.14533
42.8876     0.300764      4.95869
42.5227     -10.8489      13.5366
51.2993      15.1523       23.339
-41.9496      23.5489      16.1279
-51.5605      19.1001      21.2178
-42.642    -0.680521    -0.757989
-48.2083      7.86908      5.37755
43.5037      18.8273      23.3081
-42.6146      3.77394      16.9884
-37.1512      30.1345       21.721
42.2666      5.94687       24.134
44.8141      2.72907      35.7338
52.3854     0.515625      2.08916
53.0372     -9.65081      7.97314
38.7292      11.1587      32.2677
-51.5477     0.805758        1.527
48.2433    -0.310614       24.485
-48.0455     0.149357      18.0023
38.6239     -5.36294      29.9453
-47.6054      2.98092      24.6412
-56.4809     0.357973      26.6924
44.7805    -0.673716      41.1017
-28.1282        46.47       5.9736
24.2477      45.9524      7.60096
-18.306        51.19      1.75008
13.6529      55.2659      6.33771
5.91095      58.0959     -1.47561
-6.09003      57.0281    0.0439367
-4.37343      35.9867     -9.01753
2.90459       39.183     -6.46839
4.91721      28.5277      1.04435
-3.29692      28.7939     -2.30063
5.91775      8.56529     -14.2861
0.346038      13.6305     -17.2755
37.2684      46.6091      3.04518
-32.1841      32.2921     -6.53228
-34.2829      47.4888     -1.54155
29.8316      44.2247     0.817267
-20.4104      23.7401     -8.17457
-23.097      7.54488     -15.6695
-28.7668      52.9822      2.15883
23.1697      5.40273     -13.5248
16.2273      12.4542     -16.0485
24.9014      36.5201     -5.33464
17.5774      21.6641     -6.64692
-23.2211      51.9631     -4.65983
-20.7713      43.8341     -2.94644
-18.8194      35.8647     -11.3976
19.0109      36.8174     -8.00104
-11.3939      22.5656     -19.5621
10.9258      16.2693     -11.1716
11.0417       46.145     -11.4478
-13.1919      10.1086       -11.77
-8.62439      47.8279     -14.8003
8.11692      35.8037     -9.00495
-10.5414      58.2623     -11.6133
-8.69834      17.8481     -11.1211
-9.77931      35.9276     -11.2974
10.0257       23.746      -8.1331
4.45958      50.5868      -6.8551
4.21519      24.6593     -10.1979
-4.41503      20.9386     -8.16321
-53.7305     -45.3425     -16.5116
-59.0828     -33.1676     -12.3248
56.003     -32.8034     -16.7711
-61.1206     -29.4245     -16.5619
-55.2485     -26.5888     -26.5344
50.2621     -11.7629     -23.8517
-50.2413      -15.132     -32.9029
43.901     -1.94672     -34.6382
42.0882       5.2201     -28.8488
-43.0329     -6.10754     -35.4663
-42.7297      6.12859     -24.0024
-33.4971      17.4662     -34.7513
27.8067      19.4778     -31.1278
29.7753     -42.1111     -7.71576
-28.7655     -40.3572     -12.0035
27.2712     -31.3504     -17.9827
25.796     -16.9929     -30.5364
-17.5327      -25.075     -21.4728
-17.111     -10.3678      -29.238
22.5219      2.35453     -31.1307
-24.7183      2.52581     -35.2842
-24.4568     -64.9549    -0.507996
26.3829     -53.1863     -7.54356
28.0128     -57.0797     -11.9683
-25.7065     -63.4401     -14.3521
33.251     -55.1902      -16.915
-35.6711     -64.7209     -10.3972
-48.2357     -53.6953     -15.3826
57.1551     -47.3519     -27.2596
-24.0265      10.8265     -30.4812
-26.4806      10.9794     -42.0782
-53.1498      -39.685     -26.5347
53.1956     -16.7894     -31.3357
16.2878      8.15341     -38.6786
27.0693      3.07965      -43.478
-41.6293     -24.9894     -29.7235
-43.5046     -42.2011     -20.7325
-41.2452     -9.50271     -42.0248
48.2595       -40.02     -24.5659
35.7167     -4.01773     -34.4972
45.082     -24.4739     -31.7002
-29.9682     -6.08915     -37.3126
25.1284     -3.02935     -35.2665
-40.6393     -47.4263     -17.0118
39.1954     -43.7393     -12.2398
40.1199     -16.4085     -23.9304
-35.2779     -18.9288     -29.6367
-37.0215     -28.2127     -15.1723
36.4244     -18.1779     -36.0275
-31.6886     -50.5924     -13.8922
32.7996     -21.0905     -27.8385
-30.4799      -29.922     -19.6997
25.1699     -36.6114     -18.2181
-22.1298     -55.0181     -8.46368
-22.6701     -95.0019      21.3849
-31.2495     -92.5784      9.02289
9.56099     -83.6386      4.33693
-19.70074     -100.0666      -2.86089
9.26745     -90.5403     -10.2192
-12.2251      -98.843      7.14654
-6.8231     -96.1428     -3.43891
14.1696     -78.0709     -4.59302
-11.8693     -83.4804     -2.44498
-12.7809     -73.7894     -9.27309
4.71902     -67.3481     -2.67385
44.6269     -77.8908     -6.21031
-43.2293     -63.3278    -0.637484
-32.5303      -87.853      1.07902
46.3732     -61.7717     -3.20598
22.4689     -99.6363    -0.581713
-39.9423      -77.357     -7.53878
35.4377     -90.7837     -12.7438
-33.2475     -91.2725     -13.9138
-22.7925     -93.2246     -4.74547
43.8559     -51.0902     -9.90384
28.1763     -91.6553     -1.29477
41.0938     -68.3156     -10.0714
-29.4075     -87.3904     -15.9569
33.576     -77.2964     -5.21595
-20.2703     -86.4938     -3.76479
17.2636     -95.7065     -4.78414
-29.434      -79.596     -12.5807
29.7907     -85.1908     -12.9407
19.2465     -84.0218     -5.99654
26.6858     -73.8017      -4.8608
-25.1191     -75.2851     -8.11038
-13.8852     -90.1972      14.2636
12.1088     -96.1078      7.84713
-4.77635     -76.9571      2.33552
3.54886     -83.2092      3.80014
6.48546     -58.9083      7.35604
-7.98399     -86.1002      13.3776
9.61697     -72.7366      12.9132
21.2602     -62.7084      7.46214
-7.57639     -78.1299      7.29074
2.40957     -72.6554       7.2359
-18.1056     -69.8491       12.392
-14.7958     -66.4778      9.76036
-4.47025     -68.0897      3.42251
16.6025     -15.8687     -22.3315
-23.0786     -15.3379     -21.2645
30.2321     -15.2211     -22.3151
27.825     -27.1663      -14.385
-30.7003     -19.4113     -19.6624
-26.04     -29.9845     -11.9625
-32.2826     -30.3551     -12.3659
-9.12915      27.0287      58.4158
4.6837      20.9331      62.6867
13.5234      24.8238      53.5281
-15.4564      37.8143      49.6759
-18.8625      35.8903      41.5221
25.5414      35.7259      33.1889
-22.466       33.687       27.628
25.4822       34.117      26.0562
-28.5479      38.8068      17.9245
-31.6138       46.375      21.1141
-30.1587      48.0448      16.4571
9.0715      49.0528      10.1474
-12.1514      39.0471      7.00017
-20.1191      56.2096      11.1184
21.4307      51.7905      13.0605
11.8518       56.371      17.7721
-10.4754      48.3485      13.4368
10.4854       37.388      9.42789
-15.8318      51.4725      23.3632
19.2696      50.0114      30.7126
7.73192      52.2839      25.0849
-8.77025      57.0076      28.3871
10.7617      35.6419      14.8642
8.69138      50.4013      34.6254
-5.97246      46.3264      33.4001
15.9067      38.2894      35.6418
-16.2425       46.725      35.0834
5.33727      44.1296      30.7189
-10.1085      34.5829      33.3154
2.2538      41.8145      40.6007
-5.6328      37.6574      48.6555
0.319751      34.5851      49.7504
7.21561      31.9065      56.3703
-15.928      24.5369      44.4375
18.6551      15.3937      59.6948
-27.6715      25.8431      35.4375
-21.6675      23.3041      47.9516
-23.1801      20.9153      55.9177
5.24658     -50.4643      25.1333
7.29454     -42.4026      57.1472
46.9854     -15.3281      45.6523
2.7474      9.71685      68.1047
54.1889     -39.8625      34.4267
28.501      40.2791      16.7959
20.1436     -61.8743     -2.38261
65.5643     -31.8158     -11.1936
32.9008     -25.5476      13.2731
30.8805      11.1597      -26.922
19.5418      23.1826      52.7611
15.9083     -49.5974     -2.92236
13.0991     -57.2122     -6.34292
18.6141      15.1599       44.719
25.7716       22.083      39.3897
-27.372      19.3172      34.5709
-25.9656       9.5462      37.9465
30.4691      12.9678      44.1289
-36.7408      20.7362      42.5905
29.5528      7.62682      50.6461
-31.7859      6.63342      46.5416
11.8236     -20.8214       38.086
-40.9182      7.88671      39.7335
-34.1278      2.92404      57.2694
29.903      3.99212      53.9688
24.7092     0.122431      59.1207
28.2409     -1.90855      50.6314
-38.848     -1.61019       46.627
-41.4041     -5.27678      47.7661
-41.4983      5.88173     -15.2163
-46.2823       -6.529     -8.83173
41.2464     -21.1569     0.420158
44.8627      7.71887     -8.77562
47.9924     -7.27478     -3.56705
38.3057      18.1587     -23.8616
-49.2497      5.85334     -5.05614
-52.0283      -9.8468     0.168791
49.6503      7.26183     -14.8514
9.36551     -38.4383       68.309
-0.230404     -13.2671      68.5068
-51.0716     -17.9707     -0.24118
53.0969    -0.778049     -10.8431
62.2437     -4.68558    -0.237657
-47.0726     -13.4051       -17.06
44.2335     -1.76899     -21.2263
-62.6763     -21.8374     0.204252
-51.4372     -4.77246      -30.999
54.484      -11.272     -7.15851
53.8802     -5.55234     -21.8456
-58.4654      -24.205     -16.2984
59.5121     -19.8747     -24.5435
48.3177     -12.7783      38.9591
40.4748     -27.5873      31.9938
54.3965     -16.1776      2.45471
24.5274     -79.9675      17.9817
39.1515     -68.6951      2.53621
44.3822      2.09424      11.7064
50.4494     -23.2891     -23.2087
30.7223      11.2198     -35.9045
27.7922     -91.5951       22.676
14.3636     -96.9636      19.7807
13.8261      33.8627      42.6458
22.0863      21.8075      39.7762
