-10.6684     -47.8172      33.1356
-29.9064     -40.2331      53.7639
-49.2232     -18.3648      23.0042
-5.20056      9.16709      62.0187
-7.78926     -88.7395      12.1375
-43.3071     -55.5996      49.9834
-40.1906      35.7441      16.2065
-25.9746     -61.3309     -6.67587
-51.9233     -51.3042     -6.21481
-34.759     -31.3983      18.3016
-32.6816      1.24047     -16.6834
-5.24079     -32.0978      26.4053
1.25426     -29.6921      26.3372
-3.72927     -56.1217      23.8801
-4.24813     -56.4967      15.7381
-9.74233     -58.8776      3.40353
14.8027     -51.5238      3.97648
-23.1145     -66.5265      4.77005
19.4636     -45.2869     -1.52773
-15.228     -62.5161    -0.513804
11.2124      -53.548      1.37937
-17.0524     -60.4479     -5.41105
22.3067     -35.4362     -3.92008
-23.8805     -39.4157     -3.06132
-12.4117      -34.632     -9.95438
25.6442     -33.8657     -13.1338
-6.71292     -50.1766      3.74968
3.48625     -44.1982     -2.04163
-17.7031     -48.3317    -0.839073
-9.7054     -41.5392     0.717052
10.7635     -36.1465     -6.58819
-13.9818     -47.8368     -3.37554
14.3986     -42.4503     -6.52917
13.8598      -43.835     -9.12616
-2.33129     -32.3768      37.7817
-11.3714     -30.0875      36.4561
7.69425     -19.9327      36.0488
-7.89772     -21.3568      40.5966
-11.4938     -15.2724      43.3156
5.61351     -19.7112      48.5509
-12.3517     -1.82915      42.2611
5.86433     -5.30853      48.8933
4.84335      16.0498      63.2432
3.18084      15.2991      47.5772
-6.71907      20.9588       45.353
10.5519      29.8115       29.842
-12.4219      27.5662      25.6615
4.24381      24.8876      28.5525
-10.8444      35.0619      20.6177
1.21891      23.9474      20.3988
-4.27747      21.9875      23.6216
8.87035      1.12817      39.2846
-11.2721      9.01718      47.4849
0.0742177     -20.3079      35.2881
-4.20083     -3.86927      37.8477
0.435976     0.787012      34.1016
-11.7405      14.2107      34.9714
-9.73991      8.78073      29.9092
11.1614      18.5457      34.3329
-11.9385       23.233      31.2951
-17.9614     -41.8652      43.3705
6.28555     -53.9894      41.5659
12.7913     -56.8278      50.5661
-5.65224     -49.4443      57.9183
6.5674     -55.9456      65.6363
-15.6147     -40.5146      71.6945
9.1388     -43.4009      64.6203
-8.9078     -37.9465      62.6343
4.8093     -38.5297       69.425
-6.6072      -26.591      70.4743
7.19392     -17.0557       72.068
-13.8402     -10.9155      66.3826
10.57      -7.0186      65.7801
13.3411     -35.9714      36.5614
9.5729      -47.651      54.8423
-16.651     -44.4631      62.7651
-6.851     -44.2444      56.5317
1.19667      -34.272      59.0843
-3.04486     -35.6423       59.102
-4.71837      -26.623      53.3559
-10.6154     -23.6841      45.9483
7.84137     -27.1316      52.4332
-8.10897     -11.9362      56.7941
-3.09492     -8.50566      49.3536
5.10746     -18.2935      62.5759
3.42822      -10.866      59.1422
17.2093     -40.2485      70.3878
-28.3061      -40.263       65.178
19.9143     -37.7537      59.0339
-21.1045     -36.7123      53.3107
-27.1552     -31.2224      48.8295
26.4862     -30.1199      49.1837
-37.836     -30.6556      46.1588
36.5418     -24.8704      51.8656
35.8764     -25.7714       44.918
-42.7934     -19.5668       39.472
-57.4451     -16.5483      36.5735
28.2619     -10.9904      44.7225
-46.9668     -1.99076      44.8543
33.3163      1.15965      56.1816
-36.1047     -13.4768      38.0133
-27.2459     -14.0587      49.5942
32.1089     -4.48805      59.1169
-16.4696     -2.87306      55.3685
19.9655     -3.13803      48.7645
18.7438     -1.58788        59.08
-17.7511       11.577      50.9668
-14.3325      7.92258      63.6127
17.3447     -35.9563      56.3496
-48.4109     -16.0589      47.2405
-42.7203     -22.1786      57.9041
-46.2442     -13.8236       38.141
33.4983     -28.5413      64.5226
-24.3179     -29.6796      66.8939
18.7348     -28.5307      69.9042
-21.8571     -19.0119      54.7959
28.8808     -23.0902      55.3828
15.5871     -21.9633       57.553
-13.6587     -21.7511      65.4716
-21.7599     -18.4196      66.8706
25.8025     -13.0415      58.9846
-15.7733     -5.16895      66.4218
21.927     -6.87831      63.8122
19.7726     -48.1069      57.4916
-31.1635     -44.9718      44.2684
26.115     -41.6293      50.3682
34.0089      -37.738      46.0163
-33.3948      -49.622      38.1077
45.3217      -12.267      34.8401
-53.1403     -25.3341       37.488
47.8923     -17.5027      52.8863
50.3077     -24.7222      36.5243
-51.5769     -32.1747       40.777
-46.2934     -33.4472      29.4754
49.6646     -29.8584      38.5905
-48.9132     -40.6265      38.8666
-41.7563     -50.3752      37.7303
26.3857     -38.7535      55.5426
-44.2077     -46.5585      43.6964
-38.5448     -41.3942      33.8333
20.4202     -44.2549      57.9182
37.4003     -31.5616      37.7843
33.4012     -34.9413      44.5852
-44.7291     -40.2024      56.3633
-42.7567     -34.9577      42.6762
41.6729     -35.7026      51.3445
-37.8052     -30.5513      59.6598
30.6367     -33.3286      56.1263
-47.2399      -26.283      55.9418
-47.1571     -28.1536      45.3171
-39.515     -30.3054      43.6393
-51.2963      -20.664      45.1975
40.6561     -20.6274      41.7376
-36.2412     -23.8948      34.2892
-46.7808     -59.3562      34.6586
52.238     -47.4615      35.2768
-37.9759     -57.3001      30.3455
42.9249     -42.3743       27.577
-38.8634     -60.1314      19.3226
38.6207     -41.9615      17.9997
46.6758     -38.8963      4.64427
-41.8688     -47.4741       5.5186
61.2618     -40.2724      7.00345
-56.7253     -49.2442      5.14945
55.0462     -29.6001      3.55069
61.5021     -28.6638     0.276954
-50.8337     -52.6829      37.6291
51.5016     -39.3003      34.0677
52.4622     -34.7304      30.3466
-50.5945     -44.7915      29.2361
-48.5124     -48.8885      23.8769
-40.6891     -43.4761      22.6942
41.6393     -32.3773      19.8756
-36.1664      -42.077      13.4255
46.6704      -17.837      22.7999
65.6077     -28.5373     -3.38402
-53.3211     -41.6332     -5.58454
43.7895     -20.6941     -2.04747
-54.1575     -29.5475     -3.55008
-63.2036     -26.4715      10.1973
64.0279     -12.6102      6.96441
-56.4657     -27.4406      11.0949
51.9536     -24.5349      11.9109
-41.9273     -33.2183      7.79934
34.4962     -29.6508        16.35
-49.8323     -56.3073      14.5558
51.6232     -33.2911      9.02159
-54.0861     -39.6205     -1.87245
53.6667     -42.0622      22.4287
-56.0445     -59.0218      21.4033
43.4574     -30.1825       3.3513
-56.0543     -49.1507      10.3369
-57.1012     -33.0894      1.06404
61.328       -38.87      9.88544
57.0575     -35.7951       15.615
64.6884     -29.3448      10.8563
-53.2772     -40.0285      8.52785
-36.7036      -21.796      10.0594
34.4927     -24.8316       6.2601
-38.1993       -10.89     -5.80826
38.6467     -12.8147       1.7991
38.5184     -6.45903     -7.69568
-43.0834      3.59351     -17.0375
38.788      4.15417      -17.038
36.7717      14.5737     -24.1049
-48.7778      33.3613      16.1306
46.5686       27.217       17.789
-49.858      28.0594      21.9875
-53.3384      17.9462      12.4969
48.9344      17.6815      17.4059
51.7488      10.4497      9.47414
34.3444    -0.742167      16.5893
-45.2376      4.92893      7.71866
-45.4391     -5.67842      12.7988
38.9616     -13.7908      20.6298
43.6086      39.5777       2.4553
-45.2648      35.6166      -4.9716
46.6129      37.4331     -7.25289
-39.8651      23.7697     -1.42887
44.8527      28.1364     -2.90526
40.8055      19.2537     -10.8652
32.7966      17.5835     -1.11881
-31.4489      15.6047     -1.49533
28.2486      13.0002     -10.8419
31.6181     -11.8138      14.8911
44.3833      5.06698    -0.847922
-33.8706     -1.16592      12.3104
-39.1689      11.5892     -7.57603
-33.3196      12.9909      5.94108
32.0554      15.9598      6.70759
-32.6671      12.1195      11.8424
33.2895      16.1517      16.7233
-40.1279      26.5146      6.53427
-42.776      21.8431      9.74062
48.9468      20.2847      12.9056
47.4069       14.457      3.52398
-44.4569      36.5999      2.28298
50.949      24.1054      4.22467
-20.3228     -49.9252       59.685
26.0107     -49.2499      65.4606
25.0057      -58.297      55.3302
21.5524     -68.9401      54.5137
-20.6012     -63.4866      58.6637
20.7785     -63.1566      44.8925
-24.2961     -69.5506      34.0476
29.4241     -67.5153        37.98
-17.6295     -74.4432      27.6962
29.1778      -82.021      24.8314
14.3511     -84.4811      30.3793
-0.456748      -65.782      28.8806
6.48054     -65.2792      31.1181
-9.33943     -64.0629      17.3852
16.328     -57.5644      30.6326
-13.6706     -66.0432       26.489
18.2681     -76.3509      29.8574
-12.2398     -56.9722      65.9018
-11.6309     -67.0786      48.6366
20.8186     -60.8829      60.7943
28.3158     -81.8711      38.9014
-17.6104     -84.1587      40.0633
-11.3022     -59.4806      54.1777
10.0121     -70.2791       52.152
19.1698     -71.8296      39.7179
-14.6931     -72.9147       41.057
8.20999     -65.8063      44.6003
-6.6213     -69.8963      41.6341
-5.07801     -53.7989      51.8019
7.24172      -58.033      43.7167
33.8698     -79.6195      10.3366
39.927     -71.3488      11.2577
38.3433     -79.2357       20.746
-25.636     -84.2537      32.9478
36.7864      -75.915      34.7185
49.7247     -63.3208      29.4567
-41.257     -76.9475      32.9598
-48.2322     -67.4633      36.1951
42.2712     -56.5862      31.1254
35.1436     -45.3043      41.7335
47.7794     -45.8262      47.7426
-30.0239      -60.919       33.465
33.3905     -69.5553       21.254
45.7984     -39.6609      52.1905
30.5592     -58.6329      30.6344
-27.7325     -54.0331      40.8103
30.6268     -43.0355      56.1612
32.7431     -54.3781      49.4772
-23.5866     -55.4438      51.8815
35.0157     -64.6091      47.6049
-33.332     -58.9089      55.4118
-30.5731     -47.1985      63.5952
30.4686     -57.2608      53.3857
-23.3893     -89.7654     -1.19265
36.4699     -83.1942     -2.00571
-34.09     -89.6675      1.86376
47.2068     -81.9914     -6.28826
-36.0559     -76.0191      2.21316
-47.4386     -72.7742      2.45109
48.3335     -53.4104     -5.12442
-54.5493     -62.2324     -14.6067
55.9492     -33.1149     -10.3964
55.7496     -65.0395       4.4154
-58.2701     -55.7738     -3.27647
64.7066     -38.6142     -4.50194
51.6965     -55.3749     -2.57991
-36.4004     -75.0218      13.6426
-43.9145     -61.1562     0.645822
-34.2734     -65.3997      8.86277
-31.4981     -90.7693      12.3195
49.0422     -58.9655      9.70855
-26.4672     -79.7399      15.2566
44.247     -71.6361      19.2372
50.0339     -46.5056      1.22198
-54.0368     -64.9791      5.26703
49.1529     -66.7644      19.6864
40.1558     -58.2751      15.3932
-38.6086     -73.4887       19.446
-26.1765     -86.5491      24.0303
-47.7666     -69.2193      13.2061
46.7419      -62.753       24.503
56.586     -60.0731      14.4254
47.6495     -51.5082      16.0614
43.5327     -50.0509      29.8412
44.5047     -52.9375      41.4787
-36.3798     -63.3389      44.0051
53.1274     -9.63821      28.4635
-56.9131     -7.42219      25.9102
59.1596     -11.3692       25.238
-52.3516     -10.9911      14.6256
-45.3405     -19.0702      11.4982
34.9914     -20.2184       18.893
-56.2883     -40.3351      42.2568
-54.257     -26.2726      20.5718
-44.7721     -24.0584      13.7764
58.5641     -27.3228      23.3558
-60.5823     -40.6519      17.6437
49.1672      -21.094      24.2965
-59.1295     -35.6146      21.9796
58.0238     -20.2853      24.2684
-61.2567     -13.5311      11.5222
59.5432     -19.9048      32.5047
-57.7047     -26.6461      31.3367
48.2452     -16.7185      37.3419
43.0647      -5.4793       38.849
-42.7983    0.0221481      32.6727
35.998     -3.00778      36.0054
40.6874      6.20551       37.948
-37.5296      9.17131      32.3659
31.8223      20.9479      32.2107
-47.5527      14.2216       27.532
39.2647       30.164      32.0797
-33.0978      21.5347      24.2597
-32.185      32.1556      29.5972
-34.2745      32.2554      19.4876
-47.8328      11.4233      8.79947
-49.8767      17.2228      21.7671
36.5384      28.0725      22.1176
-37.8967      22.1611      19.1435
52.721     -4.65551      12.0617
42.198      20.9132      31.4316
-54.2752     -4.18797       5.2212
44.1111      6.31817      19.9199
-54.9982      2.05589      16.0898
50.3817      1.91385      26.1919
-43.407      2.46839      21.4564
-51.5081      7.53864      25.4567
38.5319      6.67631      30.5083
-55.3287      4.83044      26.4617
-33.3809      2.44717      28.5775
-52.0152    0.0120773      29.5326
-47.44     -8.54152      29.7571
-37.8394      43.0748      24.4485
42.4488      42.5852      18.8882
-36.739      50.6357      9.36953
-22.7024      51.1799      3.89162
22.2647      56.9778      7.35547
-2.19703       52.431     -5.79928
4.67312      53.9007      2.25994
-2.71612      31.2379     -13.0119
5.10929      30.0684     -11.1156
2.46623      20.2889     -3.74378
-3.65463      32.0322     -1.81867
-3.42501      14.2747     -20.9688
-40.034       30.148     -3.53578
-33.9338      13.9465     -10.4319
-32.4599      9.41158     -10.1166
36.657      29.1383     -6.49176
-39.0864      30.1526     -10.5396
-36.21      46.5439     -2.47314
41.6014      44.9176      14.4976
35.7967      46.2043      9.61354
34.1365      51.1698    -0.663565
25.6132      23.6068     -8.37198
-26.7372      15.2636     -17.4699
-24.0765      33.7048     -5.65688
17.1808      13.6313     -17.6899
-23.7254      55.6821     -4.52728
-25.3604      41.4953     -5.19664
21.6044      36.0332     -11.1679
24.3547      50.2814     -3.86733
-20.344      22.1826     -13.6427
9.19744      26.4118     -24.3666
-12.5194       48.145     -10.9928
-12.8407      33.0246     -19.7496
-14.4572      9.15637     -18.4965
8.95682      42.1153     -22.2748
-12.5893      21.9697      -15.939
11.9929      21.8645     -11.2002
11.1388      52.9289     -15.1463
-12.4475      10.3946     -12.1856
-7.05051      29.5039     -17.8563
6.15283      39.4244     -18.1352
5.91568      25.2951     -21.2109
-61.442     -41.6087     -14.8883
-57.0621     -21.6878     -16.0562
56.9407     -12.4451     -24.0884
-52.6497     -11.9362     -21.8502
40.9781      1.77588     -28.7338
-41.7466      2.75659     -33.0398
37.8364      13.8676     -32.6169
-33.0035      10.9709     -33.1418
28.788      12.9971     -40.4593
-28.6717     -44.2508      -6.6574
-26.286     -37.8797     -11.9943
-26.8322     -29.0192     -17.1646
28.6034     -24.6656     -25.9254
-27.4844     -18.8679     -28.8319
28.3603     -15.0011     -33.0679
21.1313     -1.20495     -34.8171
-19.7558     0.923624     -28.0534
28.9218     -56.3461     -6.37832
-26.0666     -74.6632     -14.2996
-33.4647     -59.3934     -17.5854
31.3009     -45.4828     -15.7572
44.6876     -39.1411     -19.6667
46.745     -46.2345     -9.50839
-48.5872     -54.4476     -11.9547
49.8387     -28.9094     -15.1164
-23.6059      11.8391     -35.2396
64.6657     -23.2695     -16.5355
47.8126     -14.6891     -24.3612
53.1346     -17.7878     -17.9642
-49.8851     -28.6002     -18.1042
50.8008     -7.84724      -37.637
32.425      2.39155     -34.7043
-42.8753     -3.20438     -38.4492
-55.9366     -21.4552     -26.3246
50.7958     -27.5985     -27.0629
-29.1917     -5.84665     -42.4344
-51.9794     -39.1039     -21.4259
26.1528     -2.85723     -41.1853
-42.2274     -17.0285     -31.3619
35.684     -5.42083     -32.0863
39.3422     -22.6331     -32.6301
-39.8693     -46.2284      -11.484
-32.2645     -6.37019     -30.5688
-40.0503     -21.6654      -19.354
-37.8534     -34.4064     -13.9108
35.2165     -16.1835     -23.8474
38.822      -32.252     -17.9773
34.7309     -24.9895      -25.724
-35.5171     -41.8071     -15.4545
-31.8995     -23.7963     -24.0137
-25.9787     -43.0317     -17.6114
30.0393     -35.4641     -16.8963
18.3472     -91.4912      8.96038
-4.7509      -99.386    -0.730943
24.201     -89.7325      3.35173
-6.12886     -88.5667     -8.92499
2.11294      -89.996     -26.0392
12.3706     -86.7008     -17.4819
-10.3153     -85.7497     -26.3811
13.0555     -72.3557     -9.44805
-12.764     -78.0841      -13.611
14.2475      -63.617     -9.10079
40.8533     -59.5499     -5.94722
30.1614     -91.0022       16.174
47.8731     -74.8883     -7.49138
-38.8212     -68.1178      -1.4568
-34.6157     -72.3485     -3.79523
-10.6958     -101.7758     -16.33066
58.8999     -41.3998     -18.0961
31.1208     -93.6144     -8.22426
-34.2307     -81.8008     -10.1757
30.6855     -89.8518     -17.8077
-38.8807     -60.6249     -11.0662
29.1357     -97.5091    -0.829934
47.2531     -58.8363       -18.13
38.0838     -76.0831     -10.4381
-27.1069     -87.6685      -11.934
-2.21145     -97.6442     -21.2937
36.715     -73.2745     -18.8818
22.7494      -84.938     -5.89941
-10.5607      -90.308     -11.9404
16.4579     -94.3802     -5.65544
-20.2931     -86.2725     -15.6915
-34.4387     -70.2623     -17.8382
26.5482     -73.5642     -6.10923
-2.62313     -75.8721     -8.44597
3.88082      -73.779      5.99065
12.2037     -81.8929       -4.047
-5.20977     -63.4224     -3.85292
-0.679734     -82.4262     -12.6063
9.64483       -81.92      16.7173
-0.155991     -83.3141      12.6085
-4.10615     -74.4704     -1.15378
14.8625     -78.5057      10.8005
19.3128     -75.4097      6.75758
4.82842     -76.8054      17.7596
0.218895     -82.9145    -0.843945
-11.5969     -83.2756    -0.142982
-5.08072     -73.1435      4.37844
12.7865     -68.6894      23.4969
16.0294     -66.7748      8.33018
27.6231     -58.0057      3.70491
12.2964     -62.2908      14.1947
-8.88995     -69.7507      17.5813
25.725     -57.9428      18.4129
-14.2732     -61.3222       8.7381
13.9823     -50.7421      11.1406
-17.7119     -61.0835      18.4343
11.3225     -55.5433      15.7507
-15.7723     -9.12999     -25.9405
22.0678     -17.1211     -19.4238
-18.9155     -24.2544      -20.023
-27.7167     -13.7804     -20.7445
31.1772     -14.6774     -20.3305
-29.6052       -27.58     -12.7566
31.1769     -25.7057     -12.8687
-15.1709      23.2706      53.6842
10.395       24.305      57.6235
-7.81599       34.166      53.9726
-18.5933       29.074      43.7477
16.5403      40.5869       34.411
-23.3152      33.2081      36.4681
25.4994      38.2728      33.5788
-26.0664       46.691      29.1889
28.7265      33.1587      25.4869
16.2126      60.1271      12.1259
-10.5715      40.0702     -2.60982
-21.6639      53.6635      9.76193
4.68733      32.2278      3.05488
25.5059      51.8291      23.1685
10.1395         46.6      2.96159
-25.1668      36.6843       18.731
-4.14662       54.206      11.4412
-20.8098      49.6917      20.2176
7.12063      56.6565      16.5361
9.04839      39.0409      1.36028
23.1273       41.023      19.9903
13.1062      52.1341      22.9398
-5.78759      47.0929      23.7141
2.9912      43.4759      12.7241
-15.3327       38.277      12.9947
10.2186      34.0817       11.379
16.5746      51.3468      32.8722
-8.74836      49.2881      35.7061
3.34184       48.587      23.4928
10.4504      36.5972      16.7058
8.42089      41.3661      34.7752
-9.90999      43.0107      43.7102
-6.7246      32.2813      37.7632
10.0926      39.4513      47.1569
6.16179      30.4226      49.5843
-25.6161      33.3987      30.9885
21.3704      25.9876       34.885
-28.5058      21.4017      34.1888
9.36436     -46.1333      30.0728
12.4126     -47.4412      60.2142
46.7212     -9.52308      47.6925
5.91447      2.34404      58.2393
23.9823     -88.2763      21.3453
47.4966     -37.9604      45.5242
40.2732      33.6231      12.2893
23.3034     -48.4756     -6.55598
31.8899     -19.9252      15.4788
29.89       9.4368     -26.0439
15.8441      14.0504      48.4017
2.57664     -50.3416      11.7584
-22.7138      20.2664      37.2829
16.6455     -29.1548     -10.0446
-38.9654      26.1481      37.4358
25.6613      14.9604      43.0021
-35.1345      23.7197      43.5295
30.6972      32.2183      43.4355
-28.0897      9.10471      49.4005
-37.5629      17.6671      34.6623
28.3809      21.5217      48.1234
-23.0046     0.986631      52.6573
41.8491       17.494      42.4936
1.00472     -28.9602      34.9276
27.6802      8.37997      45.4868
-38.3745      12.2838      47.1107
-31.1368     -3.13772      50.1779
37.5484      7.12109      47.5342
-32.7694     -9.95399      60.3423
28.6291       9.8291      59.2667
-32.2083      3.32183      41.6779
-43.4101        6.376      50.0206
33.6223      5.97926      52.9546
-45.9904      2.46328      38.1677
-32.2416     -30.5643        10.73
46.6494     -10.4688    -0.723202
-36.0058      16.7931     -22.1756
45.9979      14.9242     -23.6831
48.8794      5.84375     -9.45277
-54.38     -3.44946    -0.720528
-49.4969       -22.11      3.78849
-42.5569      17.4078     -26.0447
45.2083     -15.1006      9.41908
-47.5929      7.83815     -26.2363
48.3315      3.94356      -16.018
50.8854     -4.99754     -8.94158
56.2047     -2.62992      6.74127
55.8992     -10.1841      5.67129
-46.7434     -3.13439     -20.5228
-49.8159      -9.2191     -9.44929
-55.1133     -15.3755      -2.5498
57.3663     0.906027     -27.3623
-45.4898      -24.232     -3.39355
-55.8372     -18.6886     -6.02731
-59.0251     -5.11523     -12.0442
50.1262     -7.82267      -14.498
59.1118     -9.83515     -5.26358
-59.8835     -35.4081     -11.0989
37.3084     -17.6963      44.3148
16.2278      6.26495      64.6311
45.9274     -45.0367      38.9938
56.4359     -24.0919     -7.13801
44.354      -65.703     0.222949
28.1963      37.3019      13.8979
61.9211     -12.4179     -9.56575
32.9994     -59.9297     -15.5593
18.3715      29.2456      44.9838
