-9.63537      -50.996      24.9889
-18.359     -42.3948      63.9575
-47.3132     -13.0905      33.6225
-4.54703      19.2161      56.5737
-24.3429     -86.6813      7.22601
-45.5368     -52.4427      40.8318
-38.5827      49.6812      6.91109
-22.2131     -45.3298      -6.8054
-55.825     -52.5393     -9.77205
-29.8646     -26.3385      15.2921
-29.227      7.09252     -25.9155
3.20404     -32.0198      28.1811
-5.76506     -26.8135      29.1434
2.41563     -56.3155      28.5603
4.10904     -57.9078      12.7841
7.63397     -52.1043      3.95641
-9.91226      -50.697       3.0182
15.9753      -56.787      2.92179
-19.1635     -51.6103    0.0981186
19.3584     -48.6202     -0.56173
13.0889     -49.2535     -4.76695
-18.638     -57.1703     -7.62918
19.9218     -35.8961     -5.16348
-19.9081     -37.2807     -5.13407
-19.7117     -36.6686      -14.626
5.74813     -47.7144      17.7257
17.5518      -42.138     -9.73004
-14.4507     -43.8306     -9.60437
-5.0484     -35.5526      36.8369
-12.9455     -42.6928      47.4309
8.62773     -23.4211      40.8026
-6.80706      4.67838      34.5076
11.6288     -14.0388      47.5872
-10.7391     -3.52495      48.6676
5.61136      -2.6442      52.9421
9.10838      7.13648      48.6125
7.33155      15.8888       48.981
-6.54369      19.1537      41.9748
-5.8706      26.9795      36.5733
8.50627      22.1834       29.354
-10.9341      29.0994      27.5939
8.35656      28.1046       19.474
-12.2285       32.291      19.2818
2.5254      35.0468      3.79738
5.66723     -1.92212      42.5554
2.69265     -22.3488      36.3894
1.14667     -14.0229      44.5263
-2.43748     -14.9879      36.8229
4.77604    -0.423248      38.1938
8.21104      8.08814      36.9862
3.169     -9.95248      31.9763
5.61809      13.2752      28.4192
7.71861     -57.5361      39.1024
7.93741     -57.5353      49.7773
-13.3981     -46.4363      67.3842
-10.5601     -37.4699       68.609
3.71883     -39.0703      67.5312
-3.89296     -38.2455      62.9664
-6.16971     -36.0395      58.8929
-4.43456      -32.389      64.5043
6.99339     -30.0081      68.3837
4.94763      -22.695      71.6194
-15.0403      -19.962      67.9296
1.5318     -16.9364      68.4606
-8.92196     -6.64722      69.1585
7.77482     -9.68695      60.5125
-17.6001      6.12853        62.99
11.9101      5.40664      63.6484
7.7288      -41.383      60.6299
11.4426     -38.6864      45.9141
8.50109     -36.1139      35.5985
-11.215     -33.1054      45.2429
0.708902     -30.0508      61.8936
7.44423     -27.4197      48.6661
-7.00448     -24.7527      58.8761
-8.80504     -21.7443      46.5811
3.42233     -19.1739      57.2995
-10.7071     -15.7012      52.8523
-4.76187     -12.9691      45.4352
-6.3491     -4.86441      62.3661
10.2732     -1.92515      59.9816
19.3135     -37.2449      68.5982
-22.9542     -38.1465       63.305
-16.6829     -33.1057      58.0706
-26.8466     -33.9919      53.7506
25.9735     -34.8631      52.6023
-26.6033     -28.1884      50.0082
29.4573     -25.2634       49.455
-39.7113     -24.8414      51.1128
39.291     -16.0565      46.8871
-40.555     -16.7015      43.5231
-34.8264     -10.4978      41.2837
31.3309       9.1964      47.1634
-23.6744       5.7608      38.3902
30.7244      5.12964      45.4542
19.5868      7.50192      43.4453
-23.1784      25.8479      50.7401
18.537    -0.759554      57.2133
26.7571     -32.3163      62.1524
35.5509     -19.0129      59.3756
14.2393     -32.5102      63.0236
-16.9444     -28.7575       58.319
34.908      -7.2393      49.2046
28.9935     -14.4143      57.5265
-30.2292       -27.24       62.349
-37.3073      -12.212      59.5128
-21.4059     -30.5157      65.7675
-29.5671     -18.7651      54.9151
21.6193     -20.0269      59.6694
22.6298     -13.5916      44.4626
13.1225     -23.3031      64.5358
-19.9504     -11.9909      57.8935
16.2574     -18.0805      59.5906
14.5362     -17.5415      70.0796
-23.3235      8.26237      47.0275
-23.1417      -44.686      58.7194
-24.3832     -47.3214      50.2985
16.7813     -46.6764      56.7832
23.2977     -45.7034      53.0077
-34.3123     -46.9706      53.0172
-44.5891     -42.5956      42.9159
35.496     -49.1418      41.8579
39.1536     -50.3297       30.713
41.3049     -12.6369      32.1799
-47.3972     -19.0241      32.5884
45.3317     -20.3244      37.5191
48.0929     -26.5178      44.2005
-54.4718     -26.6298      38.7421
-50.6261     -21.6482      26.6724
41.2945     -29.9815       34.961
28.5689     -37.1087      39.5713
-40.2265     -30.9781      32.0795
42.632     -44.3028      52.9741
-51.4503     -37.9601      50.6562
19.4863     -40.2393      52.2822
-28.2777     -38.0331      39.2527
-20.7603      -38.798      53.8921
-32.2277     -38.0309      49.0396
34.5947      -33.849      47.7518
-34.7941     -40.6658      58.1211
28.0127     -41.7633      63.0692
-43.9339     -31.7063      46.5647
-35.9723     -30.3646      50.4862
33.6902     -26.0094      47.1732
-43.6734      -20.555       47.044
43.4699     -20.8583      53.7311
-35.7793      -54.273      31.4785
46.7773     -45.0575      19.4196
45.7965     -53.0368      13.0326
-48.1238     -53.7985      14.2147
57.9511     -40.2523      5.58834
61.6191     -33.6027     -2.02758
-52.5388     -40.7016      36.5631
50.6038     -37.7368      41.8175
-50.1749     -46.9126      31.6429
40.4724     -35.5908      24.8483
-34.4225     -29.2673      18.2983
38.2252     -31.3873      13.1749
64.4096     -30.4967     -9.44327
-54.7051     -42.8011     -5.91586
-53.4061     -32.2929     -4.50521
54.1969     -24.1563     -4.76663
48.204     -20.2036     -12.8512
-50.1846      -27.901     -1.26393
52.6201     -26.3468      2.26931
-56.1186     -21.3162      1.13336
62.0248     -25.6403      11.4078
-39.3222     -31.9977       5.2882
-30.7868     -32.7308      14.0939
52.5749     -48.7258       34.445
42.2046     -41.7688      6.82347
53.4436     -40.6542      19.6247
-51.4955     -46.3503      3.34557
-45.5125     -47.6088      17.8737
-50.3504     -60.5505      28.4519
47.2232     -35.1324     -2.20654
-45.1978     -38.0594      2.82348
54.3528     -34.5331      7.76643
-57.3759      -42.916      12.2595
58.9609     -34.2103       26.285
62.1441     -38.9404      15.6534
-58.1552     -47.2087      23.8022
-57.1135     -34.5346      11.6166
-46.1644     -41.4024      19.1504
-54.2383     -26.5557      10.7661
43.5464     -40.0171       19.669
53.0786     -34.4086      13.4504
46.5845     -29.2206      14.8265
-37.8168     -37.6608      15.6434
-31.1414     -24.2566      10.5425
-36.9493     -7.92213     -4.10339
35.7031     -14.7216     -3.84779
-38.9834     -4.28674     -15.6907
37.0734    -0.336084     -10.1586
-44.1412      32.7998      12.4399
53.0188      25.6726      4.42913
-43.6717      21.1295      10.6969
-33.8287      4.49413      10.5997
34.1344    -0.208544      13.2111
-38.5825     -14.4855      15.9653
-39.1078      47.6461    -0.447399
-44.2212      32.3264     -3.76822
37.1098      42.4264      -5.5521
-36.7267      28.1519     -5.07358
41.6501      26.9863      -11.832
-41.3326      28.5589      1.05155
-33.3979      22.1717       -9.399
29.8906      21.5118     -14.0015
27.9338      13.7052     -4.28272
-24.2367      11.2742     -8.50633
-29.9225      1.52249     -14.1476
-28.7904      18.0666     0.733619
-28.1505      20.7641      7.99366
28.9617      21.7241    -0.840186
30.6796       24.442      4.69397
37.5616      19.6466      4.45176
44.7987      23.5765       7.6033
48.9723      29.0085     -5.85242
-18.4168     -55.2647      58.6657
13.4578     -59.4406      55.2419
-12.2781     -58.2529      53.9721
-17.0099     -70.9239      46.9376
19.0996     -65.0326      48.4466
-17.1751     -63.1564      33.5094
26.5174     -65.7209      23.7509
-24.5326     -64.5587      22.1858
-20.5666     -80.4559      18.1228
-10.0538      -60.874      32.3961
12.7046      -62.235      29.3405
-18.6186     -75.3816       25.186
17.8066     -77.1682       22.949
8.74696     -85.4367      34.1914
-8.23197     -85.4915      18.7767
13.1451      -94.429      14.8689
-16.6522     -89.3949      20.7567
7.44578     -56.6484      62.1375
23.324     -85.4839      24.8232
-6.55134     -66.6667      46.2592
22.7921     -77.0546      34.7204
6.84886     -66.0499      51.5631
-19.4671     -84.5741      29.9849
-7.6366     -54.5415      65.4129
13.5403     -77.0213      40.6071
2.48867     -72.6609      43.3115
-8.03709       -53.29      41.2355
-7.32828     -48.9973      42.1934
31.8703     -80.6118      18.0229
-27.0924     -87.9173      18.1213
31.2743     -61.9107      35.4111
44.0883      -65.798      39.8055
-32.1206     -68.0764      32.8999
56.133     -53.9264       21.499
-40.9372     -60.1673      47.5532
47.1201     -59.9062      35.3368
-27.2926     -74.5456      14.4219
28.5405     -74.8121      15.4782
-34.1474     -54.4195      42.7451
-26.1634     -74.9182      31.0654
44.9452     -55.4442      33.6827
-32.7621     -65.0024      38.9006
-26.7606     -63.1278      38.0994
34.4356     -56.6503      49.7694
30.3794      -59.818      41.5645
-34.4977     -44.0644       36.856
26.1248     -53.9231      44.6089
-26.3547     -46.5057      37.7406
25.8923     -59.0635      53.3438
-20.7023     -53.2474      47.3421
19.5673     -54.0216      49.2755
26.3581     -48.6998       58.515
-26.9776     -96.1948      8.45511
-25.6243     -91.4404     -2.89503
27.3718     -92.3073       4.9228
-40.7287     -82.5524    -0.259749
34.3522     -86.0796    -0.493645
49.6947       -76.24     -1.29867
-40.2015     -60.5133    -0.873803
40.2285     -73.7085     -6.03127
52.0774     -65.1525     -8.72916
-52.3742     -54.7817      1.81332
52.5878     -48.4814     -7.73634
38.1989     -75.2966      6.72246
31.0696     -90.2665       14.542
-37.1708     -78.6364      7.57721
-44.2264     -72.6746      15.2229
-42.7021     -62.0518      2.49324
44.6005     -66.0423      4.08628
49.9222     -61.3308      1.51763
-53.5467     -55.0231      7.01785
42.3525     -78.9492      16.0162
36.5016     -62.8245      13.7484
-38.6655     -60.5605      11.6009
-34.1024     -75.6562       20.252
48.1736     -52.1158      3.81056
42.3732     -56.4678      11.9563
33.913     -69.8883      29.0484
48.5834     -65.7781        21.79
51.6652     -57.3173      17.4479
-52.1851     -2.96802      23.4255
55.4626     -5.24082      19.3563
-59.0378     -1.77811      12.1485
-58.3887     -15.8347      8.98007
-49.2305     -11.1214      8.13561
38.6719     -16.8687      19.6059
-43.7461     -15.4147       12.115
-45.6266     -34.7571      21.2715
-55.8513     -30.4464      26.9601
-41.7226     -23.2838      17.2763
57.0583     -27.5005      21.3017
43.9345      -22.978      15.7354
-62.9864     -26.8129      24.6553
-58.3611     -16.4928      21.8725
49.8133      -23.447      32.6561
-59.455     -15.7615      35.2149
56.4587     -10.3823      29.4432
-55.6822     -8.37835      23.8089
46.0092     -7.30797      21.4794
-42.2926     -6.07063      34.1684
-32.8607      3.81812      29.3608
-41.7777      18.1148      28.5111
32.9387      20.2111      21.7219
-46.7979      13.4497      22.1988
34.4424      37.6071      25.1918
-32.2178      28.2206      15.5487
31.3942      44.1267       21.259
46.9846      20.3584      12.4502
44.6855      5.49993     -1.38178
-43.6912      14.8406      16.3937
-52.659      16.9074      8.79675
-49.7614     -2.69798      4.24902
47.9729      8.79134      11.2367
40.676      24.0404      17.5044
-54.7512      2.92571      2.42788
-49.7439      7.70462       15.617
-38.225      12.9886      20.3293
58.4093       2.2526      8.51866
38.1307      36.6604      17.0918
-42.9269     0.454536      21.8211
44.3585      6.39277      26.6763
-54.2513      5.37336      17.1312
42.6444     -1.94877      26.1928
31.7306      53.0845      5.15404
-28.6282      50.4093     -2.02984
16.9007      54.8571     -2.22188
-10.5354        51.69     -9.58248
-6.52147      55.0216     -2.48195
2.70064      55.4177     -1.26598
-5.04606      33.7632     -11.1744
3.23043      32.9742     -11.6048
-3.93974      13.5017     -18.5547
5.04028      16.5587     -20.2304
32.3455      2.04301     -18.9466
-43.3196      42.0748     -7.84164
25.7876      4.03662      -12.216
-28.3848       37.898     -9.73799
21.0511      10.0632     -14.2028
29.446      49.3135     -7.00572
26.4394       37.568     -11.2822
-20.0151      31.2823     -7.32693
22.6945      28.1731     -6.90033
17.7506      18.9805     -8.72211
-19.3224      11.7451     -15.7237
11.8458      15.6057     -16.6645
-12.8021      43.2202     -20.1002
10.7654       47.328     -18.4368
11.0086      37.3701     -19.8586
-12.6205      20.0153     -21.2876
9.09663      28.6948      -22.139
-12.492      9.25613      -10.659
-10.4576      20.3285     -13.7401
10.1713      23.0917     -12.1719
6.09236      28.6123     -22.0467
-3.79338      26.1188     -22.3493
-59.9524     -31.9462     -14.6246
56.2904     -25.3101     -16.3898
-56.4984     -10.1199     -14.2368
51.8774     -25.2662     -19.9656
-48.697     -14.6014     -27.9537
43.8475      -8.2766     -29.5084
-44.6765     -1.45589     -32.8475
39.8183      2.16093     -33.5898
31.0666      5.17786     -30.6522
22.5866      13.1109     -27.3183
33.3093      12.5145     -20.2514
-29.7885     -40.2892     -10.8145
34.9742     -27.0624     -17.2328
-33.9924     -22.0271     -20.1705
23.6406     -16.3401     -29.0995
-27.6413     -3.02081     -30.2073
22.938    -0.151962     -31.0899
17.9619   -0.0299931      -25.268
-21.3648       1.5307     -22.9752
-24.7726     -55.5064     -7.24054
25.5658     -48.4216     -9.83979
-20.3361     -63.2069     -12.4579
26.1361     -58.2153     -12.3974
36.255     -43.2596      -17.536
-35.422     -58.5566     -12.3267
46.1195     -46.7413     -13.8113
-40.8867     -49.5387     -12.3195
-53.2332      -55.282     -21.3678
58.0936     -43.6276     -20.0382
-29.1523      7.78196     -32.6534
-48.4004     -30.0573     -13.8913
32.6871     -11.8979     -38.5825
-39.0789     -16.0067     -39.8546
57.8925     -19.5056     -29.2846
-53.5581     -25.7522     -20.6674
-27.8926     -12.8748     -41.0771
-50.3954     -16.0341     -38.5931
32.2841     -6.28497     -36.2706
-47.5812     -43.2453     -25.4699
30.107     -7.52174     -29.6886
-43.3685     -21.6044     -27.5298
42.4139     -23.4538     -21.4865
30.9992     -19.7721     -27.0998
-38.1174     -39.3259     -14.4589
-32.8266      -11.214     -25.4437
35.1843     -15.8844     -20.8955
-38.3126     -41.7496     -23.9237
-26.2015     -41.6059     -19.5228
-17.44014     -100.4396      1.584144
10.4682     -94.5502      5.10326
20.5467      -94.161      4.00567
-14.8682     -90.6338      8.20712
15.6548      -90.526     0.828522
-15.4337     -90.9697     -1.58462
10.0616     -95.2486     -10.4209
15.162     -73.7428    -0.871107
-7.78216     -78.2536     -1.76805
-8.73394     -66.4032     -4.16874
-46.3873     -54.5775      -9.3097
-47.8746     -70.1538     -4.41698
-44.9567     -59.5105     -9.26223
39.6097     -81.4113     -13.5586
-30.4075     -85.3631     -12.0397
-27.1748     -91.8987      -11.667
30.2324     -96.2803      -7.0131
-42.9078     -71.3042     -10.1968
33.4833     -89.8258     -11.5248
38.8637     -74.5718       -9.235
-17.6332     -89.1621     -18.4134
-44.9958     -57.0431     -18.4909
21.0475     -93.0959     -14.5345
36.2167     -60.8583     -9.55029
-35.3574     -70.1532     -5.50215
-18.6541       -83.12     -5.02015
28.3673     -73.5978     -10.4691
-32.7505     -66.2611     -15.6498
37.6739     -57.4164     -17.9355
19.3659     -86.0182     -5.53519
-24.1126     -69.5789      -7.7737
-15.5287      -73.515     -4.59465
8.08294     -67.5721      0.85501
-4.13215     -74.7379       3.3281
5.22418     -82.0715      5.78493
6.79283     -91.4998      12.3366
2.26601     -79.3659      15.6388
4.98362     -63.5242      8.34098
10.5131     -72.0112      13.0154
-2.74625     -74.3244      6.77372
-16.0904      -64.238      4.70804
17.8482     -64.7919      5.24729
-6.25063     -74.1807      21.1523
4.95075     -61.1738      8.71447
-12.1016     -62.2752       14.681
18.2621     -58.3142      11.7848
-22.6313     -55.8847       17.004
-10.057     -55.9012       14.904
11.4216     -56.4232      22.6649
-17.2305     -15.2955     -20.8287
19.4584     -22.9197     -17.2903
22.8572     -36.2112     -12.2133
21.0747     -16.1089     -19.8525
-17.3481     -25.1942     -20.8448
-26.4626     -28.9282     -13.1002
32.312     -21.7518     -15.3735
-33.1102     -23.9858     -15.5476
-6.81825      40.5475       44.824
5.7007      25.5829      51.7351
-17.6065      38.5825      35.1775
16.758      33.3658      30.8532
-23.7609      45.8849      25.7967
24.8344      34.2607      27.2195
-21.8974      48.1264      18.5404
-28.9005      37.6571      15.2022
21.3745      47.4926      14.2846
-14.71      59.9804     0.694576
-25.6874      51.3567      13.0062
-24.4887      54.5714      1.89593
9.44751      43.5824     0.780634
17.8673      55.4972      13.4305
-9.09533      46.3519       4.2512
6.32165      57.3936      15.1876
-6.38967       41.449      2.43708
19.1875       46.771      23.9712
-4.37494      45.0584      19.9799
9.82583      50.0866      18.7241
9.43496      47.8588      30.0497
-7.9501      58.8671      15.1878
8.93969      41.1153      19.8504
-13.1809      49.7835      25.0388
9.92355      45.5222      34.4912
-15.7201      45.7963      33.0639
6.73211      32.9358      46.4187
17.9876      28.3455      49.9638
-39.5102      37.2724      20.6979
-31.0912      29.3731      26.6754
27.77      39.4461        24.18
3.45048     -42.4222      34.8274
13.102     -47.8242      62.1528
8.2939      13.0113      54.7705
17.1337     -85.6004      15.2987
35.1088      34.4938      8.82152
25.5823     -47.7385     -6.17144
30.6032     -24.1828      14.9295
37.1843        3.334     -17.6334
28.5363      20.7917       29.024
17.1098      20.1142      42.3176
-30.8069      22.1614      30.7086
-39.3702      27.9629      29.8077
-45.682      22.0147      23.6694
44.6411      20.2606      31.3437
-41.8075        23.92      38.3035
24.8207      15.9487      44.1016
34.6175      13.7642      50.7628
-35.0061      16.3045      47.2711
2.80588      23.4659      38.6428
42.3453      12.3377       39.974
-45.1742      9.82039      37.3679
-40.7876      4.46785      50.3397
42.2612      2.74489      36.9528
-36.612     -2.48358      46.6501
-36.3846      6.85724     -16.9962
42.7736       3.0428     -12.4451
-41.7031     -14.2983     -2.69872
35.1342     -26.0331      7.03732
-37.5481     -22.0112      6.85399
47.3567     -4.85209      -6.7937
43.6121      -17.627     0.537686
-50.6316      5.07878      -5.5627
-41.3684      14.6573      -28.606
53.0842      5.78888     -4.91542
37.3789      11.9511     -26.2491
-44.1292      7.63015     -19.2337
-54.2231     -14.5778      5.96992
57.0352     -4.74675     0.386175
46.5764     -1.18863     -16.3047
-49.5913     -5.70558     -9.33793
-46.4992     -3.13096     -23.5135
-52.0159     -16.6655    -0.611625
59.1087     -16.1076      -5.0494
51.8348      3.66415     -19.2153
47.4428     -13.2804     -10.4209
-45.6194     -16.6754      -9.0235
-49.2812      -23.679     -10.9283
63.6718     -18.0961     -10.9992
14.9892     -35.4306      58.3425
39.7014     -7.43877      43.2851
30.6845     -48.3185      49.1035
10.3115     -53.3665       56.753
58.9936     -14.5168      11.6216
46.8155      -7.0238      35.3232
36.8589      9.40832      30.2581
13.6709      37.2613        38.69
23.6125      44.4822      16.1564
13.7241      36.8237       12.678
