-10.5134     -37.1672      29.2603
-19.8469     -46.9799      55.0425
-50.1292     -7.34558      36.9099
-8.89419      19.2211      53.4254
-15.8981      -90.744      7.54258
-45.056     -48.8302      52.8514
-35.823      41.3276       14.395
-19.7102     -52.9675     -4.86823
-59.7051     -45.8343     -6.30053
-32.6858     -26.2598      20.0426
-29.5711      2.74211     -22.4715
-2.47431     -25.6225      25.0935
-8.0617     -47.7315      27.9445
-1.61275     -51.0414      24.1792
4.7195      -51.927      14.4522
-2.31745     -56.1506      18.2801
-2.6409     -50.1621      13.5871
9.63407     -54.0788      5.99284
-7.286     -57.3781       16.289
15.0202     -50.4716      3.97099
-9.98417     -53.3605      3.68015
27.3988     -53.5101    -0.472074
-18.2798     -63.6254    -0.440756
-10.7043     -60.1066      1.78614
10.6691      -58.288      3.27448
-6.27901     -57.3871     -4.61263
15.069     -55.2847     -9.12431
27.9729     -33.8184     -10.0378
-22.8959     -40.1039     -4.33054
-9.60878     -39.2298     -5.44007
13.306     -40.9544     -8.57201
-27.8008      -43.276     -4.55114
9.69697     -43.5802     0.588484
18.8047      -42.891     -5.13999
-16.1376     -53.4233     -1.79057
-1.5811     -32.3124      35.4304
15.2815     -32.2559      35.6974
-8.48098     -30.6989      32.7293
-16.7663     -34.5058      39.8177
-12.7797     -14.3433       38.766
13.0393     -19.0694      38.7264
-11.9579     -5.70372      39.7192
9.6156     -12.2234      39.9052
-14.1355      4.32003      49.1625
6.39658     -7.99087      50.2244
-4.70173      11.7679      58.1534
-6.68533      21.7381       43.304
-5.47909      27.1769       37.982
10.0383      19.3342      37.4627
-11.288      26.5967      29.4024
11.0255      33.4705      29.5651
-12.9532      32.8842       16.235
10.406      30.6509      20.5625
-3.80771      28.5501      19.4506
4.82064      -5.7068      46.7315
-1.90348     -20.4291      33.1724
4.66809     -20.4064      37.1103
2.0154     -21.8284      29.1965
-4.80252     0.150356      36.5714
12.3387      3.69019      35.9701
-12.854      5.90467      39.5122
5.83839     -27.7226       23.161
3.03599      12.9099      28.9892
-10.7855      13.4976      28.2288
4.2671     -8.54587      26.0698
-4.93904      11.4677      28.2428
13.6147     -58.5738      30.7257
11.4567     -49.6344      36.7205
-12.6142     -51.5118      37.2782
8.85472     -44.9543      45.9533
-4.76767     -40.8373      54.3171
9.65963      -39.218      66.2673
-11.6261     -47.3604      55.7168
7.95522     -45.6394      68.0362
-13.1286     -38.3193      72.8156
6.57439     -32.2901      73.8514
11.9234     -31.3954      63.0659
-9.9164     -26.1151      62.7848
-2.896     -14.8365      62.0225
9.38346     -7.47171      60.6735
-6.51295     -8.49341       57.427
-14.5407      12.7503      54.6572
-11.4505     -40.7366      63.9326
11.3906     -42.0268      57.4843
-10.6997     -35.3562       58.796
12.7661     -41.2334      30.3295
11.0393     -36.1488      51.1405
4.07771     -31.1762      51.5941
-3.68853      -27.596      56.3563
-5.75764     -29.0413      39.6867
8.82178     -24.9253      40.4763
10.4264     -17.8872      63.1956
9.88146     -17.9671      44.3273
1.96252     -17.7907      56.2345
-2.85225      -1.4595      46.7255
-22.6244     -32.0263       65.299
-23.5755     -27.9477      57.4079
21.9741     -31.7146      56.9559
29.4975     -30.6839      49.8233
-33.7986     -25.0568      49.2593
-36.1465     -16.3155      43.4771
-37.7213     -8.96298      42.0066
42.2925     -6.39904       52.451
31.7336     -11.5488      49.1033
-23.8878     -10.6208      41.8232
21.3254     -1.99145       44.886
-23.529    -0.133999      46.8897
-21.4311      13.4873      50.0587
15.3166      0.90209      62.7336
-11.6129     -26.8493      67.6654
-24.084     -22.8728      53.3101
34.0087     -21.7298      62.0496
-36.7615     -11.6898      58.0956
-29.5296     -17.8169      63.8188
-24.5723     -15.0243      56.2745
26.7659     -17.9325      55.3923
31.5384     -15.4039      50.3894
-17.7296     -15.7413      69.0814
20.9563     -15.4123      62.1749
24.3062     -14.5068      43.8153
-22.1372     -8.70698      61.9793
-17.5753     -7.80098      49.1036
-16.8307     -9.61081      62.4569
-10.0101     -1.37123       60.481
-22.8364      1.74416      59.2949
21.5613     -49.3555      65.3363
-33.7262     -40.1562      54.4001
24.9486      -45.756       45.198
-33.9442      -45.124       36.464
36.3471     -54.7737      41.7294
-36.7893     -53.4697      47.8329
-36.0241      -16.806      31.2655
48.4508     -17.7819      36.3581
-53.2448     -10.3108      33.7709
52.5047     -20.3738      44.3104
-49.8058     -21.9025      31.1534
45.5705     -24.8685      34.7122
-41.1278     -28.7468      36.5152
36.9982     -42.2129      43.9843
-51.75     -37.5518      52.9347
-41.6332     -39.4399      51.7185
-26.4522     -34.9344      50.2557
26.4603     -39.4363      54.6822
-31.9736      -32.848      38.2414
26.3966     -39.9448      35.0341
26.0701     -40.5297      43.7506
29.0617     -35.1927      65.6383
33.5333     -32.2459      40.6309
-44.2739     -28.9466      56.3958
41.9684     -22.5472      58.5568
-37.6994     -26.6765      48.4767
-54.0553     -22.0525      48.7551
-43.6477      -20.912       45.916
-39.2745     -59.3523      50.8601
-41.0783     -56.4333      37.4266
42.1694     -47.3509      32.2632
-37.4923     -54.5774      26.3527
55.3693     -44.6544      14.0311
-39.6093     -49.5143      13.0215
-54.8807     -57.5936      10.5629
54.2589     -55.8962      12.5647
-59.0988     -51.0545      2.87808
56.7184     -45.7432      0.17088
-44.7873     -46.9784      38.7878
49.3257     -37.8129      48.7159
52.9087     -31.4838      36.8057
-54.2012     -44.2803      37.6135
-46.778     -34.3295      20.0408
-35.0317      -40.978      20.1679
-65.0825     -35.4422        2.594
59.349      -32.427     -3.36257
-41.7231     -40.5117    -0.918606
47.4628     -28.0677      2.27091
-46.2293     -23.3048     -3.99243
-52.9635     -33.8832      4.11198
62.4483     -21.9786      2.27447
-61.1813     -23.4476      9.13226
56.228     -24.3879      14.1779
-43.6214     -30.3348      10.6882
50.7368     -31.0791      10.1935
40.0262     -26.0772      13.3961
-34.6985     -36.4584      13.4006
-49.8488     -47.3872       22.823
42.9641      -49.142      1.37118
43.2029     -39.5768      13.9628
-53.9552       -49.75      28.3658
55.0565     -37.9847       22.458
-62.1597     -45.8948      24.1888
-58.1333     -43.4801      9.34673
51.8558     -35.1529      3.75524
54.9781     -32.4737       18.655
-51.7343     -42.8916      16.9881
65.3101     -38.1122      3.60774
-58.089     -34.7733      12.7118
36.0319     -20.5883      3.27342
-34.8985     -24.1189      2.05976
35.9033     -13.9005      -3.4829
-42.9295     -16.1831     -2.62427
-39.3635     -4.68056     -16.3799
37.4325     -1.69092     -12.8842
41.6959      6.16327     -17.7055
-39.3702      30.8779      6.26661
38.5292      28.9329      12.4211
-52.8075      24.3885      6.04352
51.8844      26.2722      13.0007
-49.7226      13.5622      15.1505
36.8366      17.0599      9.35298
32.6921      6.52729      10.7231
-43.2852   -0.0353756      5.47771
35.9608     -7.57944      16.6606
-38.6786     -6.86637       15.588
-39.0055     -13.2478      13.9236
39.0152     -22.1648      21.0321
-43.6483      38.7816   -0.0783753
44.3527      34.7818      2.85653
-39.8842      40.8018     -6.34194
50.6202      30.6881     -2.29857
-34.7907      30.6581     -8.70802
40.6819      24.8153     -6.42427
-40.6835      16.5715     -1.28009
33.2761      16.6133     -5.26924
-36.8121      12.8926     -13.1686
-27.3853      12.0582     -11.7722
36.9338       12.878      -2.0218
-34.087       4.1306     -11.4865
34.9443     -21.0876      14.9231
-36.2427     -10.8989     -3.31929
37.2059      1.20819     -5.79032
-33.3933     -14.1579      11.8555
34.1329     -10.0794      12.1682
-34.3125      5.58786      2.50652
-32.6928       4.5535      10.9717
-30.366      14.6357     -1.12435
-34.7481      16.0879      10.2779
33.7651      23.9525      6.48734
-33.8207      24.5908      3.77289
44.4534      24.0114     0.841037
-47.5781      30.3045     -10.6422
12.1731      -64.186      62.9657
-13.4694     -52.8461      67.3616
12.9858     -62.9929      51.3477
17.8965      -65.076       45.765
-13.4353     -67.7242      51.7287
29.6417     -64.9006      46.1259
25.7415     -69.7003      36.9109
-10.7582     -80.3307      36.7005
27.8354     -72.8714      23.8294
-25.4106     -73.1572      18.0073
15.3508     -83.3189      13.5486
-6.64656     -64.7688       26.297
5.51564     -60.9251      27.4365
-9.47572     -67.0627      19.9174
11.3829     -58.1935      17.0829
-14.932     -62.1869       22.892
20.2673     -64.6516      25.7119
16.5193     -67.0631      37.3584
-19.5839     -69.0149      9.83565
-18.3472     -85.0171      19.9406
-6.40077      -89.594      31.0283
11.1088     -86.5834      31.3531
-19.4885     -91.7167      16.1816
-16.8857     -72.2495      47.4633
22.1743      -80.711      39.6075
11.8529     -76.1172      49.2519
-5.57417     -68.6542      56.6471
6.33494     -55.0013      59.1763
-8.43034      -58.825       55.498
9.51782     -65.7274      41.5005
-3.05907     -71.1851      41.4669
20.1948     -80.9265      26.6131
-7.15818     -76.2138      44.7873
8.90036     -53.5188      49.5522
-4.1269      -57.049      51.0524
-12.006        -65.3      35.5749
4.40889     -69.4989       35.051
-27.6064     -87.8512      11.7263
-25.6567     -86.0078      28.0188
37.4284     -78.8576       31.165
-27.7717     -77.6942      33.1789
48.5315     -58.1241      24.5293
-38.9934      -69.864       37.135
43.2426     -62.8974      46.2867
-50.4934     -65.0033      35.8123
-37.1139     -65.4624      49.4885
37.102     -64.3967      34.3042
-30.8092     -70.2083      49.0811
-29.5836     -58.9072      36.2305
39.3707     -75.2301      40.6517
32.5616     -59.5796      47.4251
-21.8548     -64.6003      44.4956
31.5843     -51.5493      52.7086
22.9958     -54.1334      43.8254
-18.5899     -53.1502      51.3757
16.464     -57.0044      51.6898
-31.4876     -50.3187      61.7048
33.5808     -87.2866      6.71387
-18.5297     -89.3759     0.293648
29.3324     -89.5137     -1.01416
33.1983     -85.1972     -7.65922
-44.6838      -82.405     -2.21808
-35.8041     -76.2943     -3.75423
42.7673     -57.1082      -7.7379
-41.4853     -60.1706     -5.55269
48.9627     -52.5636     -6.38792
-52.2327     -54.6682     -4.18649
41.2883     -75.1752      1.74633
38.7613     -64.4968      1.64461
-41.6435       -82.96      4.44946
50.2169     -70.8423      4.42678
42.4676     -83.4529      4.96788
-46.1331     -71.1455      6.65183
47.2932     -65.4145      5.97193
56.0816     -65.0085       5.1282
33.1811      -89.616       14.725
42.6684     -70.9688      22.1894
36.1427     -72.8807      18.6021
-35.0393     -77.2161      13.1027
39.1907     -57.2433      12.8034
-41.0627     -63.4692      13.3274
41.5876     -61.0914      17.0886
-35.4078     -70.5822      26.0944
-47.8504     -63.1827      19.1289
-43.9247      -66.272      23.9084
46.3089     -12.4762      28.0706
-50.4299     -2.65854       24.731
-58.8123    -0.689207      10.2324
56.017     -12.2498      11.2293
-57.6794     -15.1359      11.5168
-51.2826     -20.0249      15.4798
46.2037     -28.8832      26.0239
-59.286     -33.3447      28.3183
-50.7526     -21.8458      23.7946
-53.9614     -29.0656      44.4681
53.3587     -25.8202      44.8239
56.0864     -28.9764      19.8726
-60.6602     -26.9274      32.6589
57.7834     -19.0371      18.7589
59.3354      -8.7391      26.4173
-41.131     -14.7311      25.5512
-49.1984     -3.48429       43.922
-41.2133     -4.18686      33.2106
30.7856     -3.06551      31.7708
-33.6074      4.01548      36.3255
-30.7886      10.1831      26.5183
45.1177      24.0613      33.5661
-33.7341       27.565      23.1118
-44.3372       34.054      15.6762
38.5985      36.4713        13.05
51.2395        14.98      12.2461
-43.5337      27.7165      13.3211
46.5874      3.95134      2.84082
-49.0083      22.0158       14.317
42.865      21.7484      21.1537
45.6117     -9.62004      12.4963
49.6074     -3.00395      5.29241
-49.9264      5.76517      6.80953
-51.0128      9.82457      21.9037
35.1248      20.4091       23.715
51.1161      8.38363        18.54
-37.5631      19.7631      17.1489
56.736    -0.303558      17.8009
42.1848     0.820122      20.7788
-41.8585    -0.800445      21.8411
30.768      13.9827      26.0834
50.4848    -0.311497      37.4059
-50.8512      7.23182       30.836
-33.7441      49.0014      2.96393
-14.5428      51.1974      -1.4988
23.4306      51.2291     0.517806
17.1402      61.2544      3.85659
-3.07655      46.0756     -8.87866
-12.0743      33.5072     -4.44161
4.14871      21.1583     -6.67847
-2.73184      18.0276     -21.7566
9.59135      13.6927     -9.09618
25.0445      7.29741     -25.3403
32.7693      26.4153     -12.4851
24.9998      18.0382      -10.015
35.9148      48.2563      3.44567
32.8242      33.0458     -3.42202
-32.1194      22.4953     -7.91078
-26.3621      38.4636     -3.44966
-20.3692      14.1981     -15.9552
-22.982      4.29963     -17.4046
-29.7218      54.6479     -5.03835
18.1208      21.0827     -12.3581
23.4564      41.3886     -3.02478
23.8288      34.3005     -8.90091
-17.7459      49.3413     -7.24458
-18.4693      33.0397     -14.0038
13.6778      52.4859     -6.49046
7.02699      45.5355     -19.6359
-16.0873      8.77065     -13.3451
-8.82523       43.936     -15.6723
-14.0903      27.2761     -13.5157
8.82911      38.2855     -11.4665
12.4831      25.4116     -10.9711
-2.53751      32.6895      -19.511
3.17267      19.3151     -21.0441
5.97442      35.3697     -7.93162
-6.88356        21.03      -11.347
-55.9013     -36.0113     -9.73422
-55.7815     -35.2882     -13.5532
-61.4598      -11.706     -10.5598
61.0139     -6.46305     -18.5254
-52.2835     -12.1474     -20.7016
51.5379     -5.01916     -26.0703
37.3198       2.4425     -27.9976
-52.5577     -15.7362     -22.2537
-36.1921     -3.95905     -33.2811
33.5022      17.6517     -30.0385
-35.3084      19.7347     -24.5671
37.1113      20.6132     -20.6159
28.8995     -39.3286     -11.1437
32.6427     -30.8619     -18.0491
-25.901     -33.4266     -19.2037
-23.8105     -21.6354     -27.5668
-28.4906     -15.2331      -31.213
20.211     -7.63522     -32.8123
-26.2435      1.85301     -33.6324
-19.0648      8.44089     -34.3418
17.6919      2.95827     -30.0443
26.276     -60.8793     -9.00327
-25.7934     -61.3324     -8.95936
25.4048       -49.49     -18.0762
-38.3743     -69.8384     -18.8756
-34.2115     -76.3029     -10.1298
-40.4815      -68.151     -13.2502
54.1005     -55.8204     -25.4624
-52.3253       -56.99     -19.2666
51.0662     -47.7517     -14.7555
-57.344     -49.1626     -12.8585
-28.9666      12.7642     -31.9487
28.9663      12.7102     -31.4493
53.7087     -17.8927     -18.4304
45.5133     -4.83865     -36.1387
54.8107     -16.5348     -32.4264
57.8333     -27.8898      -17.229
-49.304     -16.8395     -33.9377
28.9762      7.35704     -38.0071
-36.6205     -8.84942     -40.7454
27.1252     -9.41472     -39.2733
-50.735     -31.1619     -25.3867
45.612     -13.7875     -28.3511
53.3779     -30.7193     -20.4734
29.3425     -0.30978     -30.6526
-41.2749     -48.2867     -16.1075
-39.2723     -28.0231     -16.3383
33.7351     -14.6574     -25.9375
41.7924       -18.11     -21.5173
-34.2937     -55.5084     -13.3325
42.6194     -29.2701     -23.8282
-35.1045     -48.9557     -20.5732
-32.1558     -44.6537     -14.9969
-29.4663     -36.1185     -18.1861
23.2774     -37.9874     -19.1296
-21.8418     -51.8059     -16.8839
26.7774     -91.3992      8.56512
-7.16172     -95.2538       4.9137
15.6759     -89.6543      5.89329
-2.46344     -99.5065     -9.08408
9.30447     -99.6791     -3.44392
15.6246     -89.1311    -0.738807
-4.50627     -88.9803     -19.4343
9.86979     -92.2276     -11.1078
-13.999     -72.4511     -4.99961
40.1601     -78.3633     -13.3566
-27.0537     -91.5969     -7.41074
42.1645     -67.0913     -15.5988
-7.63137     -98.5376     -1.93879
-32.5509     -88.0495     -16.2496
52.4916     -61.1125     -16.6644
19.9707     -95.1353     -6.92056
-16.7717     -98.3156     -16.9546
42.116     -58.8342     -16.8265
-8.6678     -94.4985     -21.0982
-17.8604     -83.9772     -12.3105
17.0985     -90.5749     -19.2433
34.4857     -72.1276     -17.9608
21.3039     -85.5389     -7.51096
-16.8923     -80.9634     -22.7217
27.6744     -72.2558     -9.61753
33.7828     -55.8115      -13.225
-29.1837     -72.1113     -15.3232
13.3553     -82.9335     -19.6402
3.72166     -72.1248     -6.10026
-8.83756       -90.92     -4.57825
-6.32303     -85.0576    -0.483088
3.6189     -84.1818     -4.84135
7.9713      -64.985     -2.70223
7.89415      -93.775     -3.56348
-6.6138     -89.9603       12.354
11.8256     -76.8874      9.62924
-6.57393     -70.9411      6.17348
11.0328     -73.9182      2.13627
5.42156     -81.7825      14.7371
-6.08777     -80.5258      11.8858
0.197694     -80.5105      23.8079
5.46426     -68.6939      19.4882
-10.8671     -61.4427      5.44092
24.1523     -61.1981      11.3464
-20.4766     -58.0748      6.14429
19.4324     -22.7772     -21.4493
19.0313      -15.737      -22.457
28.0205      -12.509     -22.6879
-16.2571     -12.7637     -22.3377
-20.4101     -8.89605     -24.3096
-17.7029     -25.7445      -16.446
30.9422     -23.8129     -16.3861
-25.9023     -22.5459     -19.3622
-32.3498     -23.0083      -16.563
-24.7698     -35.2374      -7.6833
2.23344      12.4952      48.3664
-11.0684      27.9952       49.788
6.3476      16.5751      49.7977
12.1882      24.1836      51.4118
-11.3039      41.9595      45.2397
9.30632      34.8659      47.8461
-16.5163      36.3597      38.7843
20.9738      23.4229       42.147
-16.1824      45.1651      26.9936
-22.7311      43.2865       19.263
18.0051      43.6979      28.6639
31.5465       41.276      32.3234
-18.6172      56.4742      6.05506
7.55861      42.8337      3.94187
19.2415       48.438      8.93848
-26.18      48.6553      16.2509
-3.46599      56.0124      8.33648
-8.59963      46.0053      1.91783
1.72854      32.2865      1.76558
20.96       56.607      16.0452
16.0551      51.8938      22.6935
11.2662      59.7894       17.396
13.3024      37.5915      7.96456
-7.64704      42.0903      3.16098
8.51753       56.196      13.5746
-11.9177      63.8648      19.7896
12.2775      44.8113      14.7718
-10.4847      48.4385      12.8008
-18.7102      54.3338      21.9326
7.85635      45.8239      24.9865
-9.36695       50.703      22.6386
-10.6299      40.2859       11.069
-7.22171      52.1676      30.4254
-14.9468      50.0876      35.4938
13.2178      43.1178      34.9049
3.04128      48.2182      42.0973
-6.55696      37.5832      22.0226
-8.61558      44.5956      35.7012
1.80248       28.373      39.5632
-4.17176      38.5465      50.1033
-17.2359      30.7127      35.3575
-23.2502      38.1827       28.157
-24.801      31.3056      43.3198
-33.5427      37.7141      24.8264
3.248     -48.9459      31.1852
12.3154      -50.421      63.6845
46.3243     -14.4703      44.6073
6.34927      1.77842       52.674
47.6364     -48.1624      46.7099
33.4186      45.3778      13.1605
15.1701     -70.9183     -4.88276
63.4941     -37.7167     -8.19962
29.8923     -27.8796      16.5722
29.7766      10.8709     -21.5873
22.4852     -28.9522     -10.9345
23.2586      -46.049     -9.56968
27.8406      26.6691      34.5103
18.7953      13.9828       50.932
35.4143      35.6172      36.1677
-26.4552      29.1437      34.4657
27.0349      16.9974      44.7121
31.9877      15.5682      39.3161
-30.6983      36.5791      30.0456
-21.3334      17.8127       43.179
-24.7352      19.3089      36.2645
25.8083       8.7225      48.3425
45.2715      17.5606      40.9141
44.6432        11.07      44.7424
-47.0824      18.4818      30.8856
-40.4826      21.3682      42.5972
-31.024       15.073      47.9904
2.84969       18.043      40.3196
4.40175      31.5027      14.0044
-28.9983      4.48176      49.8324
41.848      7.39502       32.428
-41.9565       11.702      42.6554
36.6038    -0.130079      51.8125
-35.1324      4.53266      51.5737
-44.1507     0.116764      41.0307
48.7849    -0.731537     -4.55323
43.7219     -17.5151     0.897145
47.5575      9.65239     -22.3296
-51.8299      5.47751     -3.65072
-57.8783     -6.90679      4.17623
53.623     -13.1198      5.51341
4.74826     -27.2677      64.4137
-42.4948      1.68919     -24.7023
-42.8632      7.47526     -30.3691
-46.6527     -1.70852     -13.2471
-52.8446     -23.2662      10.7563
54.0933     -10.0729   -0.0741019
-51.1922     -11.1771     -2.09348
-50.755    -0.924478      -25.547
-49.11     -9.51061     -14.0352
46.3748     -6.47062     -18.7247
-54.4774     -1.93996     -17.5631
-57.3072       -24.74    -0.773853
56.6928     -11.6677     -6.86394
-44.4052     -28.1822     -7.63948
58.1137     -23.1548     -6.68725
18.5381     -42.0481      60.9775
38.2951     -36.9396      21.8226
43.0398     -27.8449     -5.18432
23.3498      7.57972     -14.2615
28.6991      -77.362      15.5006
18.8448     -74.4244      21.7276
48.6523     -69.0374     -6.58539
58.2009     -48.7262     -12.2645
39.6769     -7.09572      39.2131
28.0975      50.1805      15.7417
8.2433      53.9457      3.18003
59.1956     -24.5425     -14.8851
38.9558     -41.6134     -14.1346
46.2901     -47.4003     -16.5239
19.9953      30.0923       31.156
31.3308      11.3037      50.8578
