-9.12485     -52.6872      19.8086
-21.2024     -42.0155      59.0026
-46.0701     -16.2752      38.1862
-7.42612      30.3875       56.809
-7.19181     -94.0739      18.4473
-44.7048     -51.4535      46.9377
-39.3328      34.3724      12.2154
-26.1765     -58.4317     -5.22487
-51.5443     -49.2927     -8.12698
-30.7028     -31.3003      14.3055
-38.7799      5.49099     -20.4164
-3.29711     -26.4683      26.3154
1.91313     -23.5895      27.4049
-3.16056     -51.5312       10.182
2.13407     -51.9125      11.8891
-11.2632     -58.5817      10.6775
21.6244     -63.7727      1.75209
-21.6167     -59.6294      3.18401
16.154     -54.1839     -1.20246
-12.933     -53.9493     -2.31972
-17.1456     -47.0103     -6.20856
12.2219     -36.1786     -8.02755
-20.4536     -31.3299     -10.7603
17.0003     -33.6951     -14.7743
-15.2543     -28.6147     -18.5367
-25.4842     -35.1196      -11.927
-6.55411     -49.6257      3.64511
13.185     -48.9977     0.482067
-7.75267     -37.8567     -5.52143
17.1981     -44.3181     -6.07935
-10.9793     -40.4023      32.8126
-3.7932     -29.2446        38.06
0.90984     -30.6672      34.2111
2.9179      -32.884      38.1934
10.3621     -20.8904      36.1434
-8.05884     -14.3369      33.8306
8.24809     -11.5854      36.2867
-8.62685      -4.8021      38.7262
-9.1741     -6.54832      44.3512
8.13675     -1.06652      41.2886
-6.57334      4.68701      49.2227
-4.55089      11.5511      59.2234
-4.21795      25.2825      41.9593
9.05168      30.0461      36.3618
-6.97526      35.6156      22.1248
6.39862      19.7378      25.7159
13.383      30.4734      13.1627
-6.84147       31.548      19.6552
-1.42631      37.7763      10.7815
-7.34274       14.121      44.5604
-10.9319      7.86521      34.1451
8.78701      14.7466      34.6391
-9.54295      16.8195      34.9559
1.81362      3.59502      29.4902
-3.69099      1.81174      28.4094
-12.3479      23.5417      26.5114
8.71729     -47.2594      38.5089
-6.70276     -47.4738      34.1242
0.120833     -54.8676      47.9022
-16.0074      -49.241      42.2477
8.53834     -50.3969      64.9633
-11.1825     -37.5594      52.0234
-4.33172     -45.2874      54.4449
-7.29582     -44.4562      63.4627
3.90097     -41.0934      69.2235
-16.227      -37.573      70.1592
5.95336     -38.2424      59.8701
3.12366     -31.6721      68.7973
-9.72457      -22.589      70.9641
9.28337     -12.0157      71.8659
-13.1441     -13.0126      68.5536
6.9145     -5.63312      66.2967
-8.49578      20.0587      61.7016
-10.9364     -35.7123      44.5559
15.071     -47.8151      47.4928
13.823     -38.6963      37.1184
-6.92727     -32.1155      63.4234
-10.0504     -31.8394      48.9827
-15.7879     -30.6204      34.0884
2.07344     -44.7565      54.2087
12.9721     -38.6865      45.6086
12.2628     -27.5422      32.1455
-9.16459     -26.9976      40.0988
-1.19668     -35.4191      61.5034
-13.6571     -22.1847       35.282
7.91731     -31.1038      39.1666
5.9548     -28.0526      50.7649
-10.8344     -24.1457      50.1307
10.6876     -23.7075      41.4024
-9.31471     -17.5986      38.6354
-0.0825784     -20.5006      65.9123
-5.77047     -15.5154      53.6634
1.30214     -18.5204      59.2617
4.72409     -14.9844      48.3074
2.55747     -6.70219      53.7145
2.53144     -3.45119      59.8953
-5.02348    -0.937052      59.4195
15.9205     -33.7303      69.0845
-19.52     -32.5629      55.4244
18.8033     -29.5952      53.7827
-32.2108     -32.3866      54.5473
-28.9899     -26.0774      44.4542
-36.6296     -24.1603      48.4288
26.8841     -20.5928      46.9145
37.8523     -16.4475      48.9646
39.1324     -12.3837      38.5174
-37.83      -7.5861      41.7948
25.3537     -3.74335       54.493
-18.9489      4.26683        47.97
18.4477      4.28448       45.376
-21.6341      18.4337      55.2118
19.8527      15.6872      61.4875
10.019     -34.3181       54.553
30.4005     -17.9692      65.2032
-38.9981     -16.4974       59.728
37.5863     -8.28738       59.813
35.6119     -7.89642      48.2844
19.0743     -24.7556      69.6365
-29.5035     -13.2424      42.9736
-29.3219     -11.3489      55.1872
25.4097     -11.9999       49.761
-23.8264     -24.8201      63.8242
20.7654     -18.9473      61.1715
13.0977     -23.8235      67.6212
-19.6932     -19.7804      55.9096
-18.1178      -8.6094      56.1129
20.8776     -11.1331      52.1475
8.53756      -19.444      63.6413
17.2762     -13.9561       62.699
12.17     0.192678      63.0959
-23.1552     -44.2455      52.8053
27.0458     -51.4222      59.8369
-29.5139     -43.4605      58.1303
-40.1011     -41.6506      49.7186
25.0184     -45.8854      38.9952
-30.5749     -43.8101      43.2862
-33.4915     -46.7985      35.9983
47.0756     -28.3724      44.5901
-47.2382     -10.1648       32.658
-46.3703     -15.5491      29.1107
43.4326      -11.315      31.3073
49.9935     -10.9307      45.6765
-49.5486     -16.6599      46.3691
50.8035     -20.3406      35.4075
-54.6099     -25.4918      28.9408
37.525       -26.79      41.7132
-59.0699     -35.2956      38.7456
-44.8725     -45.7312       51.125
34.9113     -45.6226      56.1233
-38.8746     -44.4368      44.7364
-34.7806     -36.6891      53.7535
-36.1708      -35.609      32.0115
26.5234      -41.448        66.22
33.3027     -38.0261      54.6896
-40.3078     -29.6083      50.5213
-49.6188     -28.2643      42.0607
-35.4564     -25.0771      53.0517
-46.1041     -23.2226      55.3628
43.6636     -23.5776      51.4565
28.6387     -28.0934      50.3877
38.0857     -19.6113      56.4284
-39.2233     -25.5896      39.0891
41.0379     -15.3535      46.9241
34.491     -20.8279      41.4963
38.4879     -16.8151      37.8185
48.422     -40.0512      38.3859
52.4478     -44.8169      41.0529
-45.9308     -59.3535      35.4616
43.3571     -44.3957      30.6368
-39.55     -53.5507      20.9658
44.1155     -42.7763      18.3669
53.3062     -52.6801      13.2627
-45.3303     -57.3488      14.7902
-49.9734     -57.7241      7.43659
-59.6837     -56.8048      1.05664
-54.4453     -48.3088     -2.50023
-51.7429     -48.6888      43.0954
57.879      -40.059      37.4082
52.142     -31.8616      33.9672
-48.1869     -42.8652      28.6139
40.2837     -33.7605      19.8766
-41.5771     -41.4772      17.4481
-55.8666     -37.4333     -5.50173
-48.2125     -28.1007     -3.65698
56.4139     -24.1789     -4.77366
-56.0562     -27.2807      4.57277
47.6172     -17.5528      6.35478
-55.2801     -60.3956      26.4925
-42.5627     -42.6682      4.53267
56.3596     -39.3999     0.427951
-45.2291     -49.3524      32.3347
42.8889     -42.5471      9.37923
-52.7908     -56.5755      13.6788
56.3464     -43.6179      26.4787
53.6887     -38.7753      15.4679
-55.2257     -48.0631       10.206
52.7708     -36.6321      28.4563
60.0462     -32.6614      7.70612
-55.9119     -40.9318      16.4905
58.3726     -32.6808      18.1566
-52.1285     -48.1161      22.2417
-63.1263     -40.2893      10.6077
62.6444     -18.8107      9.57878
55.8209     -28.2426      12.6988
32.2388     -21.1732      6.52864
-38.0145     -14.8606      8.40799
-41.5029     -21.8933     -2.86613
-37.2987     -6.62901     -7.92487
37.1289      43.5873      3.94622
-38.6529      29.8477       10.833
42.4251      20.7382      5.23997
-47.9528      18.0082      17.8636
53.2025      15.0119       7.4692
46.4851      15.6036      12.5744
37.8094      15.9461      13.8727
-42.0532      10.1169      6.91796
32.6109     -1.11452      13.6303
-33.8842      4.18768      12.6922
35.5021     -14.0417      20.1526
-35.3096      41.5651      6.01726
47.5142      35.4113     -1.08278
-44.6971       32.479     -9.08595
-41.8197      26.8945     -10.4498
-31.2179      17.3876     -5.92202
-30.3824      10.9863     -9.15546
37.6144     -2.19516     -6.41528
39.6876     -8.31988     -1.88844
-37.6705    -0.126141     -13.1986
35.0644     -6.51069      12.8376
-33.8285     -9.00156      14.7824
-33.1891      1.80983      6.25222
37.2973      9.21509     0.247184
-40.5545       9.0064     -3.14649
-32.71      18.1191      3.89468
31.4126      11.2807       7.4801
28.5007      20.4998      4.07646
-30.8557      18.1468      13.7163
30.5377      15.7884      14.8414
-32.3975      24.6427      4.61195
46.499      22.4773     -1.21347
46.5614      23.2667     -9.78337
-48.0212      18.8191      2.57381
-44.172      28.6077     -1.63375
14.2388     -52.7073      55.9797
-13.163      -54.058      63.0472
22.1611     -67.0315      56.9554
-16.5195     -64.9087      55.9969
15.5058     -64.9789      46.3328
23.5876     -67.7784      39.0121
-20.0677     -76.2577      47.8122
-21.4768     -66.7631      30.7825
-13.8105     -86.0377      21.8268
15.5359     -86.0221      29.0772
-1.82508     -66.2257      15.4366
7.05346     -69.8158      30.1339
-15.6557     -66.4457      22.8573
18.7994     -65.3806      26.1415
-7.87128     -77.5727      21.6839
-11.8981     -86.4569      31.4667
-18.1313     -86.9312      38.5269
16.0128     -79.6632      46.6373
-4.30476     -75.4178      41.6569
5.8883     -66.3666      49.9401
-12.1136     -66.8124      49.5213
-7.70533     -58.6669      49.6152
0.902433     -60.7554      58.6084
13.7842     -76.8098      39.7742
11.9084     -65.2654       40.324
-10.3744     -75.5203      30.6372
2.72367     -59.5348      36.9154
-6.20045     -60.7741      39.4852
-10.6522      -66.087      33.3277
-2.31112     -67.2573      29.9486
9.87862     -57.7463      32.4982
29.3499     -86.1268      21.2703
-22.1128     -84.2873       17.757
36.661     -76.4438      29.0884
-25.2474     -87.1735      33.6502
33.6595     -65.0741      41.2897
-32.1722     -79.1722      26.6461
41.1763     -63.2372      39.6638
-25.8964     -79.0155       42.535
-34.6092      -71.139      36.5561
43.5798     -51.8638      38.4659
-43.4454     -61.0177      44.9009
-35.0156     -61.4182       39.279
-30.8068     -67.9979      45.4911
28.8342     -60.3237      47.6362
-24.1425     -63.3117      42.9022
-24.3038     -53.3342      39.9429
-29.6428     -62.2827      55.5787
25.3649     -53.3363      51.6491
25.0277     -57.4839       43.653
-20.4141     -53.9827      49.9847
-32.4972     -54.0639      54.5449
12.9336     -92.2091      26.7105
23.4798     -96.9208      15.8644
27.7242     -85.5173      6.71149
-23.7164     -87.4186      5.15064
37.119     -83.8919      2.30964
47.8317     -76.8128     -10.4718
45.9166     -73.9754      3.25839
46.2975     -57.2618     -3.00857
-47.9473     -70.8352      9.03106
-45.3889     -72.6031    -0.476355
50.5384     -44.8567      -5.9746
55.8003     -42.7357      -14.601
-17.2133     -90.4088      12.6783
-31.8932     -76.7607      14.9342
-37.7412     -72.3795      10.5079
-47.8662     -61.0144      4.41845
-37.3182     -62.3034      10.6226
38.1859     -69.3047       12.635
-34.1077     -81.1759      21.8913
48.9714     -53.6322      3.81313
40.3332      -65.077       15.146
-45.8855     -68.2528      20.8219
-45.9928     -77.3614      18.1831
44.9824      -62.164      24.1465
53.841      -60.089      20.1666
-32.3616      -65.202      23.2017
35.197     -57.5668      31.7457
-40.0088     -75.2742       31.696
50.9849     -58.9158      24.6701
-44.7726     -64.9895      27.6454
50.5481      2.53386       38.871
-47.9763     -3.37887      34.3507
-53.7367     -8.62358      18.7934
55.9453     -1.77392      23.0195
-48.3243     -4.21881      16.3139
56.8785     -6.97596      10.4416
-48.3522      -14.366      8.95711
50.8939     -15.7277      21.0139
-49.0112     -16.2899      17.2642
38.2923     -24.5277      18.8575
-54.2109     -36.4213      18.0936
53.3294     -27.8531      17.4059
-45.6049     -25.3882      14.3973
-58.7527     -28.3237      16.1245
59.7163     -17.4541      31.6883
53.4218     -22.7251      20.4124
-53.3085     -18.2813      22.4971
49.0492      -14.801      31.4268
-59.247     -10.1807      9.01041
-55.6301     -15.5211      31.7434
60.7628     -6.10947      23.7895
54.8571     -6.49358      38.2574
-58.8567      -10.672      33.6976
41.3005      1.83214      44.3355
-32.2684    -0.651297      51.0761
32.4558      -2.1862      40.3522
29.7224      2.48918      33.0092
-40.5573      11.9535      34.6114
52.689      17.2578      26.6747
-39.3049      21.1944       33.469
43.0646      27.0229      35.3128
-39.9492      14.3933      24.2861
45.3082      34.2786      23.1631
-33.5311      24.5566      21.4659
-39.8813     -9.65387      13.3407
41.1519      9.06317      2.03263
40.8274      29.4994      18.1532
45.075     -8.54712      9.52202
-46.325      3.40237      2.90508
-49.9693      10.7754      31.2542
-52.4199      9.90516      8.81488
-46.7891      5.58748      24.8403
46.0186      17.7288      19.0305
40.2155      7.01054      14.1636
48.2397      27.9552      19.8488
-50.4109     -5.06434      4.55894
-45.9014      6.02405      15.4201
33.7703      15.0592      26.8433
44.2968      2.15365      24.5313
-37.5198      1.48511      26.3136
-48.8074      1.58153      30.9221
50.587      1.76351      27.1266
-30.7067      0.45229      35.2447
42.9093      2.35024      34.5425
-45.9065      3.91478      40.0625
-35.8723      41.0653       14.789
27.7564      45.6603       7.0983
-22.6864      54.2933      1.08691
-12.6038        55.41       -4.375
4.71117      40.4999     -2.51385
-6.71542      39.5331     -9.84403
-4.78517      24.2042     -11.8853
3.39025      19.6298     -10.9475
-4.22176      17.1196     -22.6836
-32.48      1.01144     -12.9988
-33.5939       42.867     -3.17068
37.5184      32.6457     -2.87678
30.4117      3.66293     -11.1066
35.4433      41.5077     -9.30791
-26.5909      29.2232     -4.08209
28.5709      27.4606     -4.45001
-24.607      18.1716     -11.6018
19.7734      17.4984     -13.0829
-29.0609       50.957    -0.579954
-28.0616      8.84975     -17.6357
-22.1811      45.6723      -5.8847
17.2066      52.5871     -9.45993
22.7025      35.3069     -8.48689
-19.2082      29.2804     -15.7953
14.0931      6.35854     -16.7685
-21.0778      3.88389     -21.0713
11.774      34.0409     -19.9404
-14.4674      44.7888     -15.9618
7.71625      24.8552      -21.169
7.27701       46.196     -20.3906
-14.8599      14.7838     -14.5812
-10.5567      35.5016     -16.9144
11.1728      22.7126      -11.152
-3.95321      47.0176     -10.5159
4.68667      47.2892     -9.44322
4.81724      39.6855     -18.6691
-3.20587      38.8202     -20.2472
-2.96951      26.4947     -22.5308
59.1839     -33.4574     -14.8285
-62.9079     -29.1863      -16.004
56.808     -15.8438     -14.4995
-58.0659      -11.852     -17.4646
45.9087     -10.6908     -23.5709
-53.1438      -18.956     -33.3571
47.4754    -0.280523     -26.5511
46.5013      1.02743     -35.9276
-46.5536      10.1493     -29.6408
31.8331      5.13429     -29.8878
30.0191      17.5958     -28.8983
-27.3849     -41.5373     -6.12086
29.3622     -39.8456     -10.2878
19.0341     -18.4386     -24.4014
28.1664     -16.0127     -29.2798
-25.0138      -2.2566     -35.9469
22.3741      3.40907     -32.7894
-28.1503     0.960094      -22.742
23.5771     -58.6212     -7.73186
-25.4519     -69.9681     -8.21012
-29.8398     -73.7102     -14.3605
-36.1358     -64.2912     -9.70607
46.8145     -57.4087     -15.3778
-41.8971     -64.1011     -5.78316
58.6599     -41.2329     -23.6773
-50.3697     -62.2803      -8.3724
-52.4613     -36.5595     -18.2985
-31.5892      5.19754     -31.9063
-45.4596     -3.38939     -37.9188
-51.8104     -31.1606     -20.7227
28.0181     -4.53101     -41.8364
35.8651     -15.2835     -39.3992
51.1322     -37.8924     -21.1868
-32.6139     -12.7453       -38.23
49.3962     -18.8001     -25.9502
-42.7922     -56.5791      -18.229
-45.3998      -31.761     -22.8505
-41.9502     -16.9997     -24.3367
43.3848     -27.8388     -19.0527
-38.7223     -47.1565     -19.3324
43.0149     -49.7515     -18.2463
36.2769     -9.84493     -26.4737
36.3543     -22.1982     -17.2292
39.163     -20.1601     -32.5525
-28.4203       -15.98     -30.5971
-36.1353     -27.3037     -14.3689
39.4443     -46.6071     -8.13244
34.8797     -41.6176     -15.6713
-33.0868     -53.4952     -17.6478
-31.6748     -26.0655     -20.8371
-20.4872     -47.9317     -15.3032
32.6891     -28.0631     -23.4622
-26.7629     -37.9703     -12.8143
-0.801429     -93.1468      9.03313
15.88876     -101.2728      12.52302
-3.34721       -98.11      -10.975
-10.2945     -82.4177      1.84582
9.32247     -81.3474     -3.02038
16.9912     -89.2754     -14.9829
-12.4028     -78.7621     -8.57526
14.0798     -73.1723     -6.92705
-10.8159     -66.7426     -11.3716
-34.902     -81.1647      9.04705
-29.0949     -84.9505      -2.3336
-12.4368      -99.071     -1.18772
32.2609     -88.9885     -3.98128
-19.3354     -92.8644     -12.1011
33.2076     -94.9589      6.59002
-34.3295     -72.8507    -0.249599
52.1685     -57.6337     -9.13277
44.374     -63.6851      -12.059
26.4026     -96.4649     -0.80902
-23.2217     -88.2435      -23.279
-9.51076     -89.1709     -20.9563
34.9973       -67.34     -5.24762
-19.5893     -85.0748     -9.74623
12.6894     -94.0691     -7.89946
27.4764     -72.2018     -13.5941
-36.2196     -77.1107     -18.8474
-14.7126     -83.0776     -20.6785
-19.5535     -70.9224     -11.9136
4.83873     -65.5178    -0.894643
4.75761     -81.5508       10.876
-2.20926     -67.4578     -4.75939
11.5426     -69.7097      15.6701
-12.0261     -72.0285      12.4429
13.4291     -56.0599      16.2632
10.0333     -61.4601      19.4031
-13.6695     -13.2114     -23.7541
20.7186      -5.1242     -21.4767
26.2927     -25.1415     -13.9009
-24.1223     -15.0038     -22.0824
26.8208     -15.6971     -19.4536
12.9509      30.4051      51.7475
-12.6848      33.4079      43.8484
12.8631       47.644      34.5829
-16.8036      38.1657      38.7832
17.7126       37.749      30.1009
-16.4704      39.2161      33.6773
25.2187      39.6307      28.3911
10.5054      45.8814    -0.812253
-7.22948      43.0275     -3.37425
-8.73329       32.868     0.533017
28.4849      40.1297      15.2263
-21.6208       42.241      13.5749
22.7918      54.2122      8.39551
-6.18734      52.3909      4.39209
3.27682      53.4772      7.09879
3.96279      36.5494      6.24026
-24.2661      57.4213       11.318
-10.6372      56.9464      9.91996
26.4652      55.2529      18.6321
-13.4144      59.0237      15.1839
10.4765       46.421      16.1656
-6.27343      49.6229      13.6029
-14.3928      37.4763      5.33918
-25.5738      43.7438      32.2858
11.0502      59.2098      20.9522
18.0916      49.5705      19.2299
-13.9509      53.7852      26.2522
-13.3687      42.0611      14.6063
3.65656      45.0213      29.3315
-4.08276      47.9003      26.6062
-4.23338      47.4996      41.5697
4.56313      43.0063      42.7413
-4.02779      39.5937      49.6845
-30.5509      31.1065      34.0486
-34.6802      36.3291      27.0685
-20.4357      32.1015      48.4662
29.7823      25.8069      35.3216
10.924     -48.3789      26.6119
13.3325     -41.1994      64.7673
47.9635     -3.04595       46.394
6.51926      11.5172      60.1812
12.5337     -85.7733      22.7951
38.9475     -42.6736      41.8772
36.043      38.3035      11.2841
18.6935     -54.1637     -11.3209
65.0609     -37.5121     -5.65398
30.2295     -26.8022      16.8423
37.3188      1.73175     -14.8303
4.18904     -41.5785      21.6629
5.137     -50.1645      5.08181
-31.9839      26.1943      33.0226
19.8749      22.2651      36.9236
14.5629      17.2707      50.3389
-22.2324      22.6046       38.488
-22.9121      19.0938      47.2346
40.1092      17.2384      34.5331
29.2008      19.0824      44.1913
-30.2556      11.3923      47.5814
-34.9741      20.0228      40.4939
23.1071      21.2533      55.9027
2.03279      13.4407      48.5278
-40.0835      10.6477      44.5544
38.1354       14.834      46.8642
35.1064      4.50752      43.7757
28.3455      2.58179      53.1798
-47.3295      2.16748      48.9441
-45.0292     -4.26464      -4.6702
40.2161      -23.237      1.01137
49.6967    -0.926073     -3.55745
39.9876      12.7785     -24.0471
1.84362     -45.0117      46.4771
-52.4542      4.82787     -16.0387
-48.7721     -16.9964      6.44545
-56.4246     -10.9463      3.03893
48.8057      2.13216     -13.8897
-45.5196     -10.2591      -18.496
50.189     -6.70447     -9.28181
-53.8421     -3.55132     -25.1975
47.2987     -0.93495     -18.5909
-46.8175     -10.6914     -10.2344
61.7637     -11.9301     -3.92745
52.1237     -10.0368     -16.4401
47.1098     -17.4973     -6.46637
51.4941     -17.2695      -9.2108
-53.3283      -26.644     -6.68496
57.7055     -29.6484     -8.32578
66.8734     -24.5637     -14.4997
19.2175      -40.751      52.4226
33.3801     -25.0334      62.5516
65.3442      -47.962      3.94821
44.1259     -32.0711      -2.4387
63.7851     -21.4582     -2.26708
45.1943      39.6555      8.04121
27.527      14.7118     -11.4394
17.2231     -77.9547      30.5788
50.4554     -8.98004      25.9424
49.4807      2.20569      4.60468
8.72631      59.1029     -1.06824
3.46469      19.1322     -23.3563
30.1984     -58.9607     -7.21059
36.241     -82.2805     -8.70784
19.8931     -85.4622    -0.115851
