-10.8441     -42.4624      31.9478
-17.9942     -37.9374      59.3812
-45.4338     -12.1717      35.9735
-13.674      16.2511      54.9633
-4.00111     -87.9874      14.7803
-51.6583     -58.0225      36.3915
-38.7055      31.3581      5.76506
-21.2987     -50.0177      -4.4374
-55.8074     -42.4396     -9.40319
-35.3451     -22.1299      21.6817
-38.1573      9.54582     -23.3124
-2.34095     -24.4395      28.5544
3.3314     -24.8732       27.655
2.67762     -46.9982       31.686
-2.27707     -51.0285      18.0986
7.8524     -50.4101      3.52228
-4.74685     -51.9755      2.93409
-17.2236     -57.3913      2.50914
25.8523     -49.4689      2.11979
-16.7753     -53.9109      -3.5616
17.6524     -43.3655     -6.68783
-10.3006     -70.6683     -5.88544
21.6784     -55.9211     -7.19471
21.4641     -36.7604     -2.23691
-20.6466     -33.7813     -9.11027
18.2459     -32.0636     -11.1647
-12.9167     -38.8232     -10.4908
-10.37     -37.2003     -2.36726
18.5821     -43.2513     -12.6969
7.6049     -36.2846      32.8733
1.32231     -25.0315      36.3127
-11.1667     -18.6259      33.4383
10.9265     -30.6648      35.8316
11.3968     -15.5246      36.0768
-11.6863      -5.5763      41.9122
8.1805     -5.52249      48.3678
-10.1414     -3.73181      60.7978
-7.70882      8.86471      64.6807
-7.35937      27.9875      56.3808
5.17609      20.0893      45.7461
-7.45067      24.2699      41.4752
9.80809      22.1528       33.551
9.26152       31.399      32.7751
-9.32551      28.1394      27.2691
8.71745      27.7295      26.2704
1.45489      29.5616      20.1174
-4.23083      26.6456      23.1436
-10.4609       7.9812      44.0819
8.17386    -0.337708       36.783
-2.24109      -13.215      38.7362
2.53807      5.65761      42.6204
11.0716      12.8699      37.4247
-4.84857      5.11559      37.7422
2.22527      15.0954      34.6334
1.99539      1.35372      30.5958
-8.93931      13.1075      31.1634
14.5074     -46.6645      42.3177
2.47079     -51.4529      58.1132
-14.6411     -42.3123      50.0193
-12.584     -50.4987      51.6434
16.8787     -49.5987      68.3009
-13.5484     -46.3011       65.354
14.0704     -35.1032      74.0361
-13.4866     -33.6695      63.4499
12.302     -30.5436      64.0828
7.28353     -29.9043      64.4712
-6.04193     -32.3822      56.1608
2.14703     -26.9264      60.5771
-6.37808     -22.6147        59.62
-4.10235      -11.609      54.6191
12.2544     -6.62384      70.2659
-11.1027     -6.65276      67.5466
9.45967      2.47788      65.8211
14.7999     -42.1165      63.3549
-13.31     -40.8372      61.3042
-17.0305     -30.8849      36.0249
13.2233     -42.8077      48.3185
-12.3693     -44.0721      69.8668
15.53     -32.9927      41.4195
11.7911     -38.3359      63.8669
9.1997     -35.1038      50.5998
4.09741     -41.8557      63.0395
-4.08252     -43.6558      65.1074
7.05341     -26.1538      50.4371
2.2895     -17.9833      42.7451
-5.47495     -18.1021      50.3792
5.86338     -12.2497      56.6066
2.66498       -1.603      60.2358
-25.9106     -36.8177      67.2381
25.2215      -27.373      63.1884
-26.4878     -31.0804      54.0518
34.8708      -23.522      49.1315
33.2143      -20.849      46.7027
-31.4385     -24.9478      44.0622
-44.6249     -13.4157      46.9571
32.5853     -13.9843      38.5506
40.2742     -4.10564      51.9249
-25.4605     -4.60019      44.2483
-29.9853      7.50243      55.8592
18.9855      -1.0253      46.2737
-21.1188      1.33378      52.6406
14.9695      9.25274      58.9283
-18.7584      20.0353      51.5477
11.1017      22.6727      54.0478
15.0281     -23.1711      57.4111
28.0733     -25.1534      57.1975
-37.7633     -19.6875      62.4715
37.6542     -17.6151       60.542
-21.0197     -25.8528       61.817
-11.1136     -30.1348      62.9424
28.6902     -19.9048      66.4225
29.7472     -13.1605      53.8339
-33.5451     -9.81741      43.1236
-17.2977     -20.7064      64.0173
29.5459     -13.3382      61.0524
-23.7602     -14.8568      49.6905
13.6272     -14.4907      58.5617
-23.127     -10.7027      59.6124
23.4754     -7.68589      58.6478
15.8315     -5.51012      57.3249
-26.0891     -7.95346       67.547
-21.4635     -51.4527      55.4265
21.4251     -47.9215       56.826
25.1562     -41.6396      53.4011
-29.4629     -54.0858       43.146
29.1373     -51.7275      43.4763
-34.6278     -51.6315      42.2029
32.0092     -41.8876      39.2117
-41.9202     -59.5677      41.9432
44.2653     -6.43432      27.3002
46.1823     -13.1317      34.5988
-47.8422     -26.0373       42.363
-47.8229      -29.024      36.7214
-58.0834     -31.6689      34.4047
-48.3123     -33.1152      28.4685
44.4154     -25.5814      37.0376
-39.4406     -41.5568      32.3346
45.1946     -29.6664      48.9568
-45.8384     -49.6148      39.3136
41.9348     -33.7182      53.4962
36.5702     -38.6467      42.7733
-22.7603       -46.67      41.6921
27.1437     -41.6805      46.5096
-30.8931     -43.4594      36.7781
22.3684     -31.2761      61.2528
-36.4932     -37.5656      42.3291
29.0167     -30.7435       41.345
33.6576     -31.1409      40.3916
-34.2273     -47.1842      49.3721
-35.3642     -33.2554      53.4814
37.0778     -31.6523      55.7941
-33.4684     -37.2179       49.237
43.2008     -26.0863      51.4915
38.7868     -26.4563      39.8573
-42.5889     -28.1869      50.1356
45.7948      -15.161      48.1844
-53.0371     -38.6109      45.8388
-37.5833     -23.2531      40.9335
-47.0408     -65.5229      20.1786
-47.066     -53.3891      20.5683
42.2086     -45.4027      12.4963
-43.0172     -51.8775      10.8346
51.9805     -50.5914      2.90567
-56.3993     -60.6963     0.168472
43.5755     -40.0051      47.9215
-47.0924     -49.3315      31.3166
53.6841     -35.3549      39.1455
-58.3957     -42.4225      31.9099
49.9596     -29.5182      31.2453
-53.0604     -41.5985      22.1856
43.3593     -32.0044      28.8272
-45.5825      -41.989       19.609
-37.1735     -40.0681      13.8828
40.7945     -29.0083      19.3466
-32.4042     -31.2055      20.7295
34.591     -32.9878      18.7229
56.788     -32.5159      1.64235
-52.5036     -42.6418     -4.89856
46.1523     -29.0093     -5.06709
-41.1329     -38.7194     0.189452
45.484     -18.1669     -6.02247
-53.797     -28.7624       9.8048
61.9084      -4.4236    -0.394417
53.3691      -18.064      6.62141
38.6584     -25.3749      13.0227
-35.6251     -31.9941      14.2125
-50.8231     -51.7002       2.5511
49.4704     -40.6579      33.8282
-44.8209     -47.2845      12.5615
56.0555     -39.7928       19.127
39.5271     -36.6077      4.43644
-51.5286     -47.2388      19.0726
-58.7084     -57.5313      12.9979
56.8906     -41.1924      28.4189
-58.7077     -50.3215      5.83788
44.0315     -26.7731     -1.64857
57.2669     -30.0825      7.27814
-56.4315     -42.9697      10.5865
-56.2982     -37.2474      0.85989
61.8934     -36.8383      20.0733
62.3494     -31.7327      14.2221
46.3943     -34.0417      23.6966
43.5751      -30.624      15.6627
53.4207     -23.8919      12.7644
-33.0001     -24.6604      13.5563
-38.6974     -26.1155      5.79667
37.6063     -15.4291      -1.2494
-36.9216     -16.9607     -1.20069
-43.9582     -9.50838     -9.98859
-42.5756    -0.426922      -16.686
40.109     -1.91539     -15.0018
33.1559      33.3367      11.5184
48.291       30.722      6.25116
-46.7318      25.9153      15.2022
-49.0768      12.8979      14.9821
42.607      14.2664      2.67102
-34.3864     0.678743      13.2949
36.4387      4.68876      14.0227
-39.1518     -10.3072      14.8692
33.1461     -11.2554      15.1436
38.968      36.1022     0.550197
-41.2649      41.3306     -5.27938
-45.7918      31.4114     -9.15404
40.1651      27.1527     -10.4777
-30.9577      21.5643     -7.75256
25.8593      17.4409     -2.82372
-29.03      10.7897     -6.05722
-31.3241      2.32095      -9.3758
-33.0401     -14.6688      13.1333
-39.4565     -5.12823     -6.29111
38.8633      11.2932     -5.95112
36.6594      7.19675     0.893707
-37.3508      7.98811      1.45114
32.8276       16.796      12.4168
-30.7677      13.5488      10.4825
31.0195      24.5364      1.48509
-37.9411      23.1963     -9.95796
39.8749       23.392     -2.61279
40.981      28.1469    0.0578196
-43.8956      18.4164      3.14975
50.9185      27.9704     -5.31491
-48.4434       23.847     0.177166
25.109     -50.0495      55.3379
-13.7358     -59.3244      58.3408
15.7697     -57.8511      55.0954
15.3904     -63.9213      49.1499
-15.8326     -68.8694      51.7308
-14.1499     -67.0184      43.7094
-21.1314     -75.2202      33.9643
-24.7356     -71.9523      15.1948
-3.26669     -72.6859      37.1279
-5.50027     -64.0082      18.1869
13.5507     -64.1701      22.0489
-15.229     -65.1622      24.3707
16.7007     -61.6631       26.359
-10.1497     -73.5293      22.0177
11.9353     -66.7488      37.1817
12.24     -79.5827      44.0399
-8.77656     -73.6301      36.8026
-13.5642     -86.2049      26.4614
10.3882     -69.0007      57.1818
6.16644      -71.701      50.1942
14.2051     -76.7682      34.6017
-9.3947     -77.9981      29.8353
13.3127     -50.1867      59.6646
-4.4444     -60.6544      43.7642
3.21356      -61.599       45.183
3.09846     -71.0862      31.7361
-16.6832     -73.7895      28.0536
2.77644      -52.046      39.2533
35.6887     -81.2048      32.8684
-33.4771     -76.1888      27.4906
37.7149      -73.149      39.4582
45.6653     -66.7333      33.3284
-33.429     -69.4497      42.9972
55.441     -57.2995      29.1421
44.4544     -52.2157      38.5117
50.7588     -47.7893      40.0796
-38.2789      -63.906      32.2504
29.4817     -76.8367      44.4405
44.9889     -53.4739      47.4603
-26.2322     -78.0665      30.4527
33.2819     -57.5286      38.6053
-26.5009     -70.2206       40.908
21.6592     -57.5953      42.9054
-27.3311     -63.5081        47.44
-24.7549     -59.6513      52.3761
27.4213     -56.7656        52.99
32.119     -84.8725      10.8476
-16.4209     -94.9661      3.70713
31.7141     -83.4282     -4.10509
-32.1351     -81.0198     -3.79541
-38.4317     -75.2996      4.31996
44.3376     -71.3549     -1.76038
48.4792     -57.6432     -3.70758
54.3246     -55.7284     -12.3744
-51.463     -55.4568     -10.9748
64.2196     -37.7959     -8.85268
-51.1719     -60.0202     -3.47909
56.7801     -45.1923      -3.3154
-32.4474     -84.7129      5.02133
42.1169     -71.3682      11.6506
-53.1681     -68.1899      11.7498
-44.2959     -55.0664     -0.32751
-43.5229     -63.3065      7.32085
59.9306       -56.15      8.16873
49.5629     -68.6925      4.03926
49.4083     -57.6659      5.77683
-43.2475     -69.5504      18.4253
39.6675     -55.6133       13.093
52.7712     -59.6948      18.7568
-34.0958     -80.5457      20.7973
-33.0506     -55.9191      11.8087
40.6437     -62.5581      23.1912
42.987     -49.3995       17.887
45.0346     -57.2813      28.9543
-47.9296     -7.45775      21.2661
-53.9233      -4.5316       9.4747
59.5121     -3.79719      8.14616
-57.9945     -12.2725      14.1639
51.6786     -9.76748      11.4401
-46.1909     -13.5151      9.35953
41.6798     -21.7208      22.7737
-46.3289     -22.1816      18.2681
53.3842     -27.3225      40.2193
-47.8964     -35.8703      20.6294
-44.3065     -28.4757      21.9682
56.79       -28.47      26.1247
-57.4062     -28.9295      17.1446
58.0473     -16.8047      33.0883
54.1137     -21.4631      21.3859
-60.9174     -22.8901      29.3466
54.5294     -10.4602      28.6026
52.6375     -16.5938       37.721
61.5049     -10.3945      21.4662
-54.4323     -15.8532      28.9068
-50.1478     -24.2175      30.5735
50.0325     -6.14725      44.2412
-35.2078     -3.23875      37.9511
28.6331      4.26748      45.0445
-27.5822      13.5913      33.4296
34.1385     -2.53119      35.1222
-41.808      14.5328      37.6588
33.6685      5.44778       26.597
47.062      11.9094       33.978
-40.7168      18.5137      25.3292
-47.2769      24.8602      23.2873
43.4551      16.6855      23.6984
-37.1169      31.9187      17.4288
39.5185      43.1828      19.3838
-44.245      5.96801      3.68998
49.5846      3.55368      5.97441
43.6706     -11.7828      15.2896
49.8861       11.635      16.3072
-47.522      15.9126      22.7009
-51.5893      2.93109      5.20665
44.0037       15.953      19.3896
-49.2162    -0.758615      2.09708
-34.3832      19.9289      17.6087
-48.1376      4.12014      19.6895
33.2413      20.4504      21.4007
47.2731      4.18237      19.7583
-33.6244      8.87965      24.2229
-40.2129    0.0186768      27.9047
-51.274     0.715872      20.2194
54.1816      3.17792      24.7864
-49.1865    -0.307131      34.7866
-42.1137      43.7006      8.32019
-34.9285      44.3642      5.56089
-33.7025      51.6141      1.20995
14.7977      54.4969     -7.31972
-11.799      51.9641      -7.7975
5.68431      58.9214     -12.2518
-3.56301       49.168     -8.99925
5.36287      56.6107     -4.80201
6.36547      47.2011     -8.78684
-3.8174      39.9382     -11.3618
5.23704      37.7729     -11.8573
6.80401      25.4395     -7.11956
-9.37498      28.9668      -9.0661
1.89781      13.4305     -16.8613
37.1749      43.2128     -7.84218
-31.4847      36.3068     -3.43072
32.0477      20.4447     -12.6336
30.616      31.5409     -3.07665
-25.8742      21.6457     -15.4862
30.1591      11.7221     -14.4677
-23.8933      26.7851     -6.49975
-25.4133      10.1919     -19.1608
27.2574      53.6091     0.089534
-26.6505       42.998     -8.08405
19.9651      23.4217     -9.23867
16.5181      12.8536     -14.3053
-20.1212      34.5518     -10.3117
13.625      9.34336     -10.3912
12.8266      38.6461     -16.6551
-9.83079      13.6055     -16.4906
-8.83853      43.6971     -19.5423
-9.9385       29.534     -16.4146
10.3667      25.2491        -12.4
2.83153      45.8965     -20.1279
-2.24706      16.2732     -18.9412
8.09809      16.1988     -15.5135
2.12199      33.3608     -22.9114
-58.7106      -27.116     -6.28482
65.497     -15.5052     -14.4303
56.9232     -14.9813     -22.8941
-65.4728     -15.8686     -14.1397
-52.3064     -8.39567     -27.9345
-41.4595     -3.19067      -29.417
25.4248      14.2515     -38.3418
-44.1931      14.1251     -26.2058
32.1759     -43.1979     -7.82244
-23.7391     -36.8646     -11.3108
34.3496     -31.2121     -15.1989
-32.7114     -26.9959     -13.1739
34.1969     -25.0985     -24.4845
-21.7669     -17.7351     -28.2178
-18.955     -1.42856     -27.1765
-26.3434        15.22     -27.3545
-25.4253     -53.8489     -9.38717
-18.3561     -75.5857     -13.2616
26.6801     -49.6911     -16.1239
41.691     -45.3013     -18.1398
-44.0568     -58.1824     -21.1533
44.0411     -52.7293     -21.7904
-44.0837     -43.3297     -17.4438
51.0966     -38.2622     -16.8926
-49.6703     -57.2481     -16.5761
-34.0456      7.12741     -29.2243
47.509     -10.2577     -31.6807
-56.8145     -30.4254     -14.7853
-54.504     -23.5834     -23.8325
18.5281       7.7933     -35.9013
-48.6073     -20.7342     -34.1544
67.1684     -26.1619     -19.6801
34.7851     -11.1019     -41.9908
49.9207     -16.0229     -37.9414
-34.276     -2.79472     -37.7871
-51.3035       -43.09     -22.3563
28.1624     -1.56199     -33.8599
53.5704     -23.5205     -21.3018
36.5971     -9.99727     -31.9167
-29.5066     -17.9838     -31.4422
-42.4309     -13.7066     -29.4864
45.3717      -16.397     -28.6879
-44.8815     -32.1943     -19.2032
31.6175     -12.6529     -29.6675
-43.8731     -23.4285     -21.5938
39.3524      -17.058      -27.757
50.9144      -27.963      -25.506
41.5178     -25.7906     -20.5977
-34.9725     -19.3621     -23.9402
37.222     -40.0195      -20.093
-22.9631     -37.7775     -19.6105
-27.1832     -41.5861     -8.22902
12.8579     -90.4694      21.5295
-11.44505       -101.48     -5.693133
19.8173     -87.1038    -0.167329
-6.6732     -88.3633     -19.1392
4.65312     -77.8969     -3.47978
14.9566     -70.4353     -8.65693
-7.75236      -84.459     -14.6016
58.9214      -44.843     -12.9848
-40.2047     -63.1685    -0.982476
-35.2755     -69.1716      2.12771
42.2163     -65.6218     -6.99857
-24.7779     -92.1176     -10.7486
45.1361     -49.5767     -8.95347
41.2866     -77.0679     -9.90294
-41.2168     -79.5592     -11.2736
55.8713     -49.4049     -15.9912
-40.0804     -53.2935     -10.3457
24.3747     -97.0024     -5.29735
44.1531     -69.2937     -17.5331
29.1095      -95.529     -13.5847
-14.14987     -100.1793     -9.220077
-36.5036     -69.0957     -8.07153
32.1032     -75.4842     -16.4904
16.1942     -83.7669     -7.11982
34.6944     -60.5274     -13.4066
-31.2106     -59.8507     -13.4232
-10.4939     -89.6673     -4.44096
12.4394     -84.7806      8.87484
-6.87677     -82.1727     -5.58097
4.71117     -76.2629      13.1046
10.1677     -68.8928      6.87589
13.8281       -59.92       1.9934
23.2686     -69.8723      6.52517
-12.6348     -67.2634       3.7851
-21.984     -66.5429    -0.351892
13.8516     -60.9864      13.5257
-9.49503     -67.0543      11.7001
16.7763     -68.8625      18.4058
21.2233     -57.1548      8.41384
-19.8887     -62.2684      13.8825
23.7335     -57.0572      16.4948
-15.149     -55.6828      14.5392
10.6495     -57.9778       15.488
19.4976     -22.3727     -18.7384
-16.7912      -23.126     -20.2688
-24.1693      -16.036      -19.085
31.4475     -17.5471     -18.0314
28.6509     -29.4815     -10.1098
32.8131     -23.5518     -14.2915
-28.6423     -24.7376     -12.5611
-13.3523      32.9267      46.7248
-15.5532      46.0136      24.9348
-19.5485      42.6123      27.5534
27.0453      28.6122      32.0492
-25.6074      39.4667      23.5248
23.9707      38.8162       25.724
-35.077      37.5409      21.3724
-22.0973      55.5076      2.88777
-11.611      45.8521     0.191758
1.32811      34.9405    -0.799969
18.5642      51.1136      6.31479
9.4457       43.059    -0.763251
10.2997      58.8178      4.86826
-8.10732      64.6308      5.08673
-5.219      32.4113      1.28728
-25.2069      45.5596      15.9739
-8.90563      36.9639       0.6018
17.8215      45.5134      15.8407
9.36818      44.0686        12.94
5.42915      53.2027      10.2077
-11.5306      51.3978      9.17885
11.6018      52.8524      21.0538
-12.0158      37.0023      9.86292
-9.20889      50.7095      19.0761
10.1444      33.1996      18.4644
6.98027      39.4072      25.9935
3.93424      49.5265      36.8039
-5.52473       44.003      32.4094
6.67952      31.9144      41.3361
-9.29674      40.9593      45.0081
-5.82638      33.0995       37.787
28.5842      41.8072      24.1587
18.999      29.1125       34.291
-24.3153      26.9635      33.6273
-26.918      28.3678      24.9354
-15.9534      30.1094      36.6085
22.4858      29.7578      43.2803
20.1904      15.1023      50.0139
19.6746     -34.9093      62.0799
27.7239     -79.2208      20.4884
38.7813     -44.9343      52.3711
61.2354     -31.8225     -8.82972
32.4588     -23.2597      16.3342
28.9199      5.27283     -23.9878
6.73558     -54.5367      22.4678
37.5439      31.6204      29.3335
-23.6211      25.4919      47.3761
16.9109       19.329      40.1715
38.4847      22.7997      34.3441
28.853      14.5343      40.9411
-22.7811      26.7998      40.7312
28.0754      10.0405      49.1213
-29.9324      13.1577      46.1651
39.6442      15.7098      35.5236
-39.2707      23.0696      36.8185
3.72272      9.52903      52.3088
34.0289      13.4746      54.2239
21.9281      2.58211      58.5488
-41.9547       10.677      47.2915
28.1308     -1.52817      57.9704
-32.7152     -1.30905      52.3999
40.6969      9.09593     -18.3132
-46.2927      6.30428     -11.5636
48.9485     -4.74369     -4.86414
43.5188      13.8105     -15.1886
46.8762      -15.214      1.86899
41.3947      -20.974      8.68977
-54.5602     -2.62063     -2.78432
-50.61     -14.8253      4.81456
-48.6943     -25.4106      11.8062
47.2845       5.9384     -20.7786
34.5568      10.4517     -30.1398
-51.0438      3.39618     -23.8736
-61.2245     -17.2471      11.5022
-51.0477     -3.50797      -16.578
-51.8148     -17.4032     -2.61396
50.8519      6.67668     -27.4059
52.6984     -6.93003     -10.7883
-54.9413     -10.8716     -20.5805
51.5815     -8.58219     -19.1323
-52.0131     -21.4207     -9.14149
59.9683     -13.1111     -9.94276
61.7148     -22.8795     -8.01271
45.4208     -21.5433      40.7222
41.7176      -46.839      24.8802
45.1335      29.8809       16.809
29.2327      4.98676     -9.96491
22.0657      -64.054      33.5522
32.0265      45.5998      5.33807
22.8828       39.858     -4.41928
38.3591     -0.77697     -33.1815
24.1505     -18.8057     -27.2223
19.3011     -2.15659     -26.2759
26.6776     -63.9669     -9.37859
56.2391     -32.4241     -15.8709
12.5174      40.4659      40.6433
