-12.0507     -45.8986      28.9648
-18.0786     -30.0378        68.05
-49.7021     -17.4619       43.732
-7.30914      15.5255      59.9448
-14.3994     -91.3412      8.08026
-46.541     -48.3444      42.6118
-42.2427      36.4768      15.9066
-27.5812     -53.9769     -3.93116
-49.6739     -49.4438     -7.81634
-35.4947     -27.6686      17.5914
35.5338      3.06616     -15.1889
-4.27849     -32.7503      25.4881
3.33037     -46.5038      28.1837
-3.33679     -51.3029      18.3153
2.61159     -48.8474      15.8347
-5.85135     -47.5676      10.4889
6.21597     -44.5119      8.21471
15.4652     -48.8345      17.1408
17.0172     -47.7716      7.22787
-14.7786     -48.5688      5.30966
24.9843     -52.0871      4.54739
18.9005     -52.9623      3.95093
-12.1226     -56.9445      5.01945
14.4819      -59.435    -0.404383
-10.9298       -61.72     -1.44668
-18.7071     -29.6687     -9.17646
20.807     -32.1478     -7.04816
-22.3605     -42.0317     -8.33367
-8.37935     -41.7685     -3.81072
16.2163     -44.1423     -1.91434
12.133     -39.0052     -3.23839
9.02328     -46.2961     -1.43044
-3.0362     -35.1549      38.5443
0.87704     -20.6226      30.7805
-11.8619     -33.3499      35.2773
14.4648     -26.1509      34.3702
-13.9147     -15.5091      36.7542
10.4656     -13.1285      42.5854
-11.453     0.665667      40.4548
2.43699     -11.9068      45.9953
1.7562    -0.138765      46.8734
0.734658     -6.45743      60.9082
1.25843      17.9222      54.0344
-5.91106      24.0776      45.4245
3.55119      25.9211      42.1075
-13.5404      21.0939      32.5696
12.0871      27.0752      27.1031
-12.7764      26.8576       23.717
1.47345      31.3345      16.9289
-4.82237      22.0729      25.5079
-3.06755     -15.6704      32.9633
8.82122     -13.0251      39.0784
7.80532      8.31386      46.9341
-7.61722      15.1688      47.6823
8.41723     0.267002      41.4946
0.522311      3.40125      34.4696
8.40732      10.6258      33.2343
-3.43848      8.82973       32.581
1.16321      20.4416      26.3576
-16.8167     -46.9045      49.0723
7.79517     -43.3658      59.2328
-12.1806     -53.0474      53.3481
-15.18     -46.0151       70.191
14.5884      -36.357      69.3088
-23.3529     -39.5578      68.8772
19.809      -41.236      69.5079
12.6948     -20.6071      70.6784
-8.10739     -37.1647      69.6765
6.77524     -25.8039      65.2689
-5.56404     -33.6448      57.1479
8.98494     -11.7185      68.5407
-3.87547      -22.725      61.2924
11.1588     -12.5585      59.5962
-11.3159     -13.2962      58.8095
-14.4274     -12.4243      69.6882
-4.3972      1.65123      61.8367
-13.3224      6.74526      53.6891
6.31372     -28.1865      69.9333
14.4433     -40.7182      45.5285
-15.9106     -39.1098      64.2828
6.13831     -37.3119      58.1297
-7.3696     -42.8502      55.1565
11.3551     -33.4642      49.7408
-7.31934     -36.7169      46.9005
-14.0065     -31.9458      38.6056
-0.537565     -23.6586      60.6774
7.93461      -20.457      53.7288
2.44219     -28.4628      45.3094
-3.90274     -23.7126      41.9068
-5.26095     -16.8287      51.8466
14.2983      -28.214      55.4477
-29.1982     -33.5605      56.5775
-33.1477     -31.5327      49.9657
30.7026     -22.6919       52.108
-30.5414     -23.8213      38.1889
-39.3385     -16.7729      44.2789
44.3363      -5.6333      44.1017
-29.8827     -13.3963      45.6393
29.7341      -11.254      49.7198
26.1971      1.43224      49.6612
-24.5475     -2.32568      49.7563
19.8827      2.05131       60.707
-18.6673     -2.21062       54.359
-11.5397      24.7292      54.1976
-15.3694     -29.3538      56.1348
-37.6568     -18.0172      47.9926
17.0735     -22.4087      60.7258
-37.7074     -21.1339      62.3733
31.6124     -17.4575      64.6624
-11.2373     -35.4022      62.5545
6.4521     -23.8918      63.1265
-26.5273     -21.3652      65.7354
22.4472     -19.2104      68.5998
-10.7753     -29.3473      65.1724
-28.5387     -15.0784        59.02
-24.5868     -15.4281      50.1501
-13.784     -19.4625      63.3578
-7.98039     -23.5256      69.9157
21.0043     -10.2754      56.9163
19.8735     -7.00654      50.8099
-22.5986     -11.3907      62.4086
10.9776     -3.55932      60.9036
-17.3438     0.350986      67.4106
-27.2335     -44.0688      57.1462
25.278      -40.635      60.3021
-29.1984     -43.4928      51.4254
25.778     -47.5928      43.9087
35.8238     -39.6303      41.4008
-37.6497     -51.7873        32.21
-48.4532     -8.91126      33.9939
-48.0135     -22.2647      32.1085
42.7195     -10.2407      30.9925
-58.194     -30.3691      36.8526
-48.8602     -41.1494        28.87
41.525     -31.0866      46.8142
49.6657     -34.9291      37.3884
-31.014     -41.6294      36.7378
23.249     -35.6803      52.4533
33.7975     -31.3023      44.1882
-35.6101     -37.0211       44.358
-38.7448     -41.0936      56.2681
-43.658      -31.581      40.3835
-39.0971     -29.0604      58.4531
32.4756     -35.3036      64.5346
29.8068     -29.6511      49.6211
41.544     -23.8398      59.5433
-48.7559     -27.9321      54.3385
-53.03     -25.5599      49.0802
-40.3995     -23.7418      46.6723
44.4632     -17.3197      47.5278
33.0003     -21.8726      41.7304
30.7138     -21.2549      38.1458
-47.0093     -56.5651      33.2219
48.9656     -45.5731      24.7415
-39.7091     -56.9505      21.6447
50.308     -54.5482      25.4115
39.5225     -53.8043      27.1628
48.4389     -54.4117      14.0953
41.3776     -42.2785      6.79744
-45.9666     -55.0514      6.72018
61.9133     -42.6519     0.506055
-59.2706     -49.3073      8.33141
55.8299     -40.5871      36.8882
-49.8023     -50.0988       29.551
-55.4929      -54.735      23.0945
-52.5187     -45.5058      24.5967
-42.1537     -45.2603      18.9982
41.8595     -33.0461       20.046
-44.9494     -32.8174      19.4424
58.6649     -30.3151     -7.43354
-54.2573     -38.3053     -2.64382
41.9662      -27.379     -2.70145
-49.3291     -25.7613     -1.90933
52.4332     -28.1349      4.28449
-54.3897     -36.0482      2.80284
-64.2853     -27.4536      7.01208
42.5051     -27.0314      9.43052
-51.8023     -27.7255      6.69118
40.0895     -44.0822      17.5042
45.1194     -42.3575     0.691863
-39.4052     -41.6261      5.38963
47.9885     -40.0773      13.4105
-46.4431     -52.0662      10.6558
60.4231     -41.9948      23.2481
-54.9676       -47.27      11.6963
57.0218     -35.6385      12.0204
-50.4386     -43.3945      13.2116
-54.1497      -37.917      13.6232
-40.8628     -36.9756      11.7779
37.4403     -18.5418      11.4542
-37.5306     -17.3095     -3.21298
38.6753     -11.8482     -7.98085
-48.6976     0.702011     -10.0718
-38.7238       4.1223     -18.8932
-38.6581      28.1259      8.57487
43.8248       35.076      9.65128
53.9885      24.4399      7.52838
-50.1279      21.1062      13.0808
49.5223      17.3074      9.85824
41.1736      12.9891      16.1401
-44.284      4.79599      7.91236
32.932     0.859049      13.5427
-44.0783     -3.71064      13.7626
42.4258     -12.0293      16.9944
37.9834     -20.6648      20.5026
-37.5877      41.4156      3.63833
38.4035      38.1973      -1.8078
-39.4822      48.2455     -7.14806
46.7031      23.1107     -9.69084
-43.5089      28.8402     -17.5863
-32.0266      21.4343     -4.52405
27.4666      16.4714     -4.10086
-29.0427       13.199     -4.74641
29.055      6.82464     -10.9416
-30.6281      5.16255     -10.6985
-37.1516     -12.7875      8.18598
-40.4991     -2.87319     -7.88504
42.0539     -7.56925        2.647
40.134     -3.11191      -1.7148
35.7432       10.752      5.76199
39.835      9.33533     -3.33077
-40.8232      3.88085      1.91421
-34.8585     -3.77167      12.0454
-31.3086      19.9751     0.240504
-33.4618       11.146      17.3919
-32.4671       26.217      3.40604
32.4253      24.3833      6.41826
34.3523      23.0587     -3.05815
-45.3205      13.8357      3.36572
48.5296      26.4701      3.16928
-48.3752      24.5201     -6.92814
52.7014       30.838     -1.44196
-42.0126      30.6664    -0.732658
-23.316     -48.0502      56.8784
20.4522     -55.3037      67.7348
-16.5635     -62.2761      64.0741
-18.6236     -61.4135      47.8749
20.9599     -61.4797      39.7863
-22.8555     -72.3458      26.4514
27.5766     -72.4109      23.1582
-19.0076     -86.0787      22.7825
6.75831     -46.8966      35.3805
5.95334     -51.6593      23.0345
-1.89069     -64.7043       28.006
20.7325     -59.0441      22.9011
-13.5505     -60.7838      27.4559
11.0779     -68.1566      32.2212
16.822     -74.1401      25.7081
-10.2564     -82.6972       23.077
13.8771     -75.2709      38.9636
-11.2346     -91.0086      32.7667
3.69099     -82.3968      33.9188
-13.7657     -99.0914      13.7852
7.24601     -65.4456      61.4674
10.7606     -51.1476      57.2907
13.5097     -84.8706      40.0571
-15.4935     -84.6757      41.1944
-7.74614     -71.1251      56.4992
-12.3401     -79.6377      47.8791
1.35599     -65.5936      46.9951
-4.51032     -79.7161      35.2118
11.6476     -75.7619      47.8571
-5.27728     -63.7863       51.273
-10.4764     -66.4866      38.7018
-3.14593     -66.4039      43.4224
1.58717     -58.6027      41.1061
2.13477     -53.1994      48.6743
-7.53823     -59.4577      40.9956
6.3842     -48.5486      55.7108
-5.94446     -50.9946      44.9314
-27.0438     -83.5412        5.313
-27.2479     -86.9279      17.4443
28.9621     -86.3222      25.2111
-24.3183     -86.0286      27.6015
34.6407     -74.4904      38.7305
-29.9821     -75.5386      31.0456
-38.165      -71.385      43.1219
41.7688     -51.6889       51.857
-40.5944     -55.3938      45.2699
31.4575     -66.0696      43.2438
30.9365     -59.4052      46.9159
-34.0771      -56.348      38.5307
-25.865     -60.8893      38.9595
-21.461     -65.8157      32.8348
17.6089     -51.7227      50.3232
-28.4698     -47.6566      37.4405
-27.6561     -55.0432       61.481
-35.1929     -51.0385      48.9136
29.7448     -54.3198      61.6682
31.3048     -86.2194      1.94898
-18.0478      -96.835      2.67633
-19.8009     -89.0896     -1.11328
-31.2644     -86.0032      -2.1695
38.6819     -76.7282      4.61291
-42.7893     -83.6659    -0.516438
-33.7754     -76.7523      2.02498
38.849     -62.5028      1.17541
42.0685     -61.9629     -8.45071
-43.5172     -61.8905      5.11819
48.8314     -52.0341     -4.75673
50.2901      -74.854      2.45658
36.4319      -69.044      5.48046
43.9196     -55.7722      3.24864
-31.0146     -93.9186      5.22859
43.0879     -71.0362      15.5697
-37.4491     -83.3651      21.3068
41.5509      -80.038      19.7578
-35.1273     -70.7512      17.0075
34.5803     -74.1996      26.5097
35.3172     -62.4206      20.9175
-44.7294     -65.8234      28.0712
52.4244     -64.0337      21.5045
57.1406      1.01377      26.3839
-52.9429     -10.1139      19.1913
59.1835     -6.42947      14.4018
-57.1501     -1.59068      7.11008
-54.6245     -10.8841      10.2158
50.8838     -6.31518      10.0536
-46.7517     -15.8253      15.8641
53.6409     -32.1751      24.0942
57.5822     -32.0502      39.7632
61.6483     -25.2967      33.4016
56.9301     -24.2939      32.1394
-57.8947     -42.5147      30.4366
-55.9963     -26.0619      15.2215
54.2256     -24.1136      39.1762
47.9661     -21.6277      16.7364
60.7498     -21.2267      26.7601
-57.8428     -28.2232      25.1812
-57.5257     -19.5148      18.1674
57.4051     -21.6851      16.8057
49.3639     -23.2025      30.6646
57.3107     -19.7842      22.7867
-61.8665     -9.98813      20.0551
48.0208     -19.1971      28.6653
62.5858     -6.12268      21.9212
-58.8007     -19.9469      30.9739
-56.6013     -6.94476      33.6145
55.7978      -8.8216      34.2551
50.4812     -14.9361      38.3314
51.7304     -11.1542       26.384
-37.878     -9.52465      40.6236
30.9562     -5.52615      36.8731
-30.7363      5.44658      33.0388
43.8392      17.4618      35.2485
44.0775      23.4784      23.1856
-37.2613      18.9346      26.5843
-33.6225      21.9021       18.609
40.0252      29.1446      12.6626
-45.2229      32.0946      21.5121
46.6876   -0.0463734      14.7142
44.9307      5.28447      3.59239
54.9761      23.0135      18.0288
-47.8723      14.9433      26.5139
-50.9176      8.35043      17.6677
40.3457      20.6303      20.2382
46.7916      13.3375      27.0881
44.4095      5.69444        14.43
56.1555       8.0402      15.0959
-52.1454      1.50867      18.2538
-43.3772      -1.2161      24.6136
40.2296      11.0223      31.2704
-33.8022      6.51966      26.2318
-60.4672      1.57225      14.3514
28.5078        17.02      28.3017
-53.3553     -1.03796      23.8159
-36.5832     -5.11613      29.7616
42.2487    -0.534109      37.9067
34.1057    -0.121706      29.5985
26.0515      4.03263      30.9549
52.8529      3.79292      36.9075
-32.812        46.28      4.98012
26.4648      43.0569      4.85204
-16.0153      53.2036     -5.54652
20.214       52.541     -4.54422
-7.69918        47.66     -2.73909
7.83068      50.1778      -6.2531
-8.78825      31.8891     -8.72799
5.66938      34.2626     -8.92397
2.24631       22.593     -2.98422
-2.77335      15.8491     -11.4836
31.7472      18.5313     -13.2943
35.7271       45.587     -6.99269
-24.3094      18.7979     -12.7442
-33.8009      32.4743     -4.84871
28.0496      32.3427      -4.0955
19.4743      12.7004     -13.4368
20.5093      21.1396     -9.02118
-29.5258      32.5483     -13.8386
-21.6203      23.9724     -8.67889
-24.0938      38.6033     -8.64959
24.2243      41.6181     -9.58588
15.8919      23.8243     -17.5413
11.0078      20.4196     -12.7582
-7.53061      36.5558     -19.1663
-10.8538      47.1814     -15.4688
7.6474      35.8262     -20.8997
-11.9779      12.8773     -8.46269
12.4622      52.3911     -17.1149
-12.1927      28.1195     -12.9704
6.6881      41.0549     -17.2624
6.50468      29.4866     -17.3742
-4.98522      21.7496     -17.4242
3.51889      15.5958     -18.3819
0.987197      18.6033     -9.90108
55.4682      -29.857     -13.4539
63.0048     -18.4984     -14.0693
-56.5068     -24.5144     -14.5772
59.7373     -14.3638      -23.348
-52.8355     -23.7531     -20.4527
44.553     -1.00188     -32.4136
-51.4184     -10.7867     -31.1923
-45.5111     0.529335     -35.5539
37.4937   -0.0259285     -34.4953
-37.335      10.3679     -31.6427
29.3678      14.1224     -30.6348
28.745     -46.1577     -4.64951
30.1035     -38.0766     -11.6425
-24.0443     -30.8517     -16.9462
28.7083     -26.0475     -24.0023
-34.071     -21.6427     -16.8187
-25.4097      -11.848     -29.3079
21.9086     -11.8467      -29.626
-25.6288      3.42687     -32.1608
25.7144     -2.16318     -29.9752
20.7198      8.49765      -33.802
-25.2576     0.439436      -19.208
25.3453     -58.4903     -9.06314
-20.2088     -77.6603     -7.26333
-22.3158      -64.227     -13.3471
29.5107     -49.8141     -15.4403
-42.3335     -60.1656     -10.9575
42.5714      -46.066     -11.2652
-47.8947     -60.4564     -12.1912
50.7334     -49.2082     -15.1349
28.091      6.86118     -34.6042
-35.3826     -5.05343     -31.3147
-41.8602     -16.4217     -33.6492
51.8833     -10.6439     -35.0412
56.0615     -22.7636     -23.8176
-51.2001     -46.4947     -17.1115
-44.7109     -23.6011      -25.792
-52.9218      -36.325      -22.566
53.4565      -36.628     -24.2911
30.6377     -6.51175     -38.5765
-31.028     -18.7309     -29.3766
44.798     -21.0721     -27.0142
-41.149     -39.6557     -19.8524
37.3747     -16.9045      -19.857
31.5881     -15.7336      -31.939
-38.3229     -47.6841     -8.29468
39.1493     -32.5925     -15.7058
43.6802     -42.2343     -23.6237
35.0456     -43.7417     -19.3644
-29.5953     -42.3165     -19.7283
28.9953     -31.1119     -22.4296
-20.73     -42.7223     -13.5661
-3.03234     -87.6636      9.04972
15.51621     -102.3059      5.074594
-8.256502     -103.2378     0.6817217
17.404     -88.7931      3.70254
12.0269     -82.4771    -0.400248
0.318964      -97.112     -13.9045
4.24196     -79.7559     -7.18822
11.0377     -74.7606     -9.26027
-7.11325      -72.834     -5.18132
-41.849     -64.5989     -1.86945
25.4573     -95.2131      14.5058
23.9822      -92.871     0.618517
-32.3367     -85.4363     -11.9106
37.263     -92.4689     -3.65925
-37.1976     -76.3226     -7.34064
-15.96827     -100.9619     -14.39384
24.54181     -100.2212     -6.333069
-3.121607     -102.7921     -12.75193
49.5458     -60.4436     -20.0418
27.6561      -91.069     -6.89637
-31.3768     -72.7579     -15.9918
11.6326     -95.1921     -8.89321
30.1759     -67.7077     -15.2157
23.3337     -86.7232     -17.1055
-21.1404     -88.9587     -20.8271
-4.98134     -96.1773       -20.39
41.8867     -53.5293     -15.4862
-12.6463     -88.6925     -8.17894
23.628     -73.2975     -1.10139
13.2597     -82.9606     -13.2386
-4.94783     -88.4638     -16.9021
-14.4558     -70.8371     -9.08416
-2.09271     -89.6454    -0.482004
0.671237     -80.4506     -1.61813
-7.50989      -89.404     -2.75203
16.312     -94.1519      10.7349
-13.5986     -89.3315        16.24
5.18301     -65.5681      7.74258
5.5155     -83.7706      5.05027
9.17078     -87.3351      12.5671
0.165161     -71.0661      11.8496
13.3951     -72.3987      13.6084
-4.01539     -77.2309      15.8489
4.13076       -78.51      20.1121
2.33486     -72.4314      13.2411
-2.75182     -79.0164      21.8235
-17.7129     -71.4921      6.23658
23.2816     -64.3037      8.75636
18.0726     -59.9797      9.62675
5.187     -66.0661       26.236
-15.3078     -67.5479      17.6527
12.9708     -63.2735      19.6767
-18.6352     -55.4357      18.2914
17.9141     -19.1715     -19.3933
17.2063     -27.8848     -14.7537
27.2252     -17.5519     -19.5158
-17.5153     -20.0045     -15.8158
-27.8497     -16.5907     -16.5869
28.0317     -28.5165      -12.241
-34.5147     -28.3327     -10.7297
-30.1911     -37.3486     -6.15376
13.5243      29.5115      48.6771
-14.0729      33.7587      42.5281
14.9204      44.2245      42.4056
-17.8019      37.3401      29.9589
18.0267      43.5666      28.0609
-31.7393      35.1299      30.1042
25.6017      33.9974      36.1342
-30.0032      31.5746      17.2876
30.7719      35.6489      19.7358
28.6259      54.2027      9.49322
-10.8665       57.417      7.77492
2.56416      44.5887    -0.836554
-4.14408      35.5382      3.28207
-23.7988       44.571      9.36754
2.52722      35.0905      3.15722
7.35104      59.9635      7.95485
-11.2393      48.4497      8.60216
18.1642      57.5022      16.5682
13.2147       42.429      8.79251
2.9858      48.6988      15.1884
-7.05188      43.6166      13.1569
-21.3539      53.4021      22.7677
-10.8739      44.6163      16.5656
-8.11532      52.3315      32.9105
-12.2015      33.9096      19.6604
11.2405      31.1943      17.2091
2.45145      45.5921      24.3781
2.70735      53.2418      32.2852
7.15791      36.4401      22.1794
-5.52932      43.0746      39.0824
-5.4833      32.5258      34.8333
-10.094      41.6831      43.3876
1.31177      38.3961      44.2879
34.8802      33.9046      28.1669
20.4495      27.1719      37.1664
-23.7247      29.8029      38.6168
20.6461      25.2547      46.2296
-36.9547      26.0746      25.6045
5.28693     -37.2927      35.3944
17.0799     -30.6006      63.7063
39.584     -11.4549      48.8307
7.61568      14.5251        59.65
16.8561     -83.3644      18.0555
41.6494     -45.7595      39.6584
39.3684      42.0216      14.2903
24.4483     -57.1231     -5.08184
58.2367     -39.2552     -9.63271
31.237     -26.9375      15.2834
3.07828      -37.582      24.6703
-20.4653      21.6833      49.4669
-26.2291       25.473      32.0802
14.0589      11.2234      50.6629
33.7501      26.7988      31.9774
-23.9563      16.4616      38.8699
-37.119      23.5912      35.1722
22.0198      15.8221       40.994
21.5546      19.4321      51.1714
-33.3058      19.5293      41.1998
19.2394      9.20347      49.3614
36.9128      24.0777      37.9862
30.3526       18.749      44.3062
-34.6354      16.9203      50.2079
-49.0425      19.0074      35.0239
-36.8242      6.75236      43.2793
-43.3772      9.83187      38.5322
31.1553      13.5436       51.552
40.7358      11.9212      43.8972
-36.5879      0.10198       53.378
-44.5259      1.60765      38.8171
35.4507      3.66147      53.5431
-40.3081     -4.71839      48.1622
-42.2123      -9.7973      55.4877
38.068      17.5612     -25.9729
47.6208     0.806961     -7.07768
41.5922     -21.4722      3.24228
-47.9369     -19.2964      5.48378
60.448     -8.00103      4.76902
46.7757     -1.79308     -22.1231
56.8175      5.47692     -1.68971
-47.0068      -4.0442     -22.1915
-59.8153     -6.57872     -11.1655
-55.211     -12.4426      -3.4721
56.6837     -9.58813     -6.72977
50.4846     -15.4219     -13.2926
-55.4237     -15.3526     -15.7463
-56.2315     -15.8505     -6.57831
-60.427     -26.1995     -7.60841
23.9604      -25.623      53.4689
49.792     -22.5342      41.2865
52.1204     -35.2394       29.606
13.2004     -61.0347      48.9804
23.0868     -75.4861      40.1549
34.1349     -81.6983      9.38607
41.0979     -77.1718     -6.37299
31.6081      4.84743      34.7384
53.6213      13.3981      14.2786
35.2974      40.2266      8.63873
29.0866       25.185     -10.0765
