-5.23624     -43.6927      29.7075
-25.3589     -43.2624      58.2578
-56.1935     -16.5258       37.102
-8.85336      16.7068      60.5359
-19.692     -90.0262      25.2019
-52.9139     -59.0107      26.7734
-37.0583      34.0765      4.55292
-18.0642     -59.3615     -11.3893
-59.6543     -46.0344     -9.16471
-34.0325      -33.759      16.6469
-30.3055     0.894806     -14.6908
-7.3545     -35.0797      24.2357
7.6726     -36.8275      23.6805
7.23846     -54.4691       14.661
-4.52886     -47.8216      18.1601
-4.27146     -51.6601      8.53522
9.93874     -51.8536      3.64468
-12.2205     -52.5896       7.8351
25.1154     -54.6238      4.02143
-23.9375     -56.1423      7.06457
-12.2374     -59.6692      5.72729
18.7135     -45.5956     -10.4181
-12.6767      -64.143      2.33179
12.1204     -37.7973     -2.73125
-30.5887     -33.4882     -10.5214
-21.8528     -34.2512      -15.929
-19.9864     -50.5094     -6.81775
-12.1788      -41.763      1.28697
-20.2217     -51.0312    -0.647839
-13.7043     -39.4242     -3.41336
16.8592     -40.4384     -7.01002
-8.67698     -41.7449      33.1606
3.10235     -36.8688      27.1924
-3.53477      -30.078      34.2452
5.68156     -28.8896      41.2873
-9.42171     -27.3026      39.0531
-12.0292     -19.3509      37.7635
8.4977      -18.439       35.449
-10.9454     -7.74193      40.0854
4.57603     -13.5478      55.0324
-12.4864     0.902813      43.8291
-6.11012       -1.712      54.5929
3.63803     -3.01074      56.8517
-4.52851      5.50728      65.6437
-4.1585      12.3337       54.124
1.41079      18.4521      54.1112
-8.82163      18.7988       47.338
8.32191       21.406      28.0616
-7.30256      22.8425       29.883
-11.9559      30.4787       20.002
0.775072      26.0346      18.9762
8.4187     -10.7334      39.9326
6.57129      5.12104      48.0387
2.65071     -29.7989      33.5672
1.66603      6.02492      40.8466
-8.77422     -14.5526      35.2742
-8.03792      6.05759      41.0304
8.7185       -3.315      40.9844
-2.72191     -12.0197      36.3478
-4.19142     -21.5392      28.5407
0.723525     -14.7914      29.8868
5.45354     -5.68604      40.3479
6.91272      9.34192      32.8851
-5.00766      3.65243      36.7699
4.46577      8.26854      30.0831
-13.4683      15.4568      34.6114
0.819675       1.3022      26.8017
-3.95216      12.0887      30.1208
-6.35317      25.1861      24.8038
6.26604     -48.5017      29.5541
7.2296     -48.1263      38.4347
-11.376     -51.1917      42.5251
4.74315     -54.9228      50.1936
-2.37752     -50.8535      51.4467
-17.1324     -49.8319      51.8995
13.4466     -45.7911      53.6724
12.8216     -54.0324      62.7056
-18.2149     -51.3971      66.7091
-12.1927     -39.9636      71.8624
5.94821     -38.1801      67.6738
-5.39527     -44.0377      67.3566
1.57529     -31.9806      65.1321
-2.03534     -36.2347      61.2321
-12.3347     -19.5359       71.708
10.4203     -20.0801       71.159
8.45141     -13.2844      71.2541
-17.9011     -8.08459      66.6399
10.5072     -2.90805      65.3854
3.93811      1.43554      68.2898
-9.58623     -45.3869      43.7149
-18.2438     -43.1605      61.3883
8.56485     -45.4167      70.6815
10.4376     -45.8315      61.6495
-14.8333     -45.5576      56.8795
-7.894     -36.7682       39.718
17.6278     -38.7968        42.74
-15.6916     -39.9615      48.4562
2.73314     -44.2974      65.2322
-16.0365     -33.7624      37.6213
5.65428     -41.6091       52.094
8.59252     -33.2681      45.2908
13.352     -27.8647       37.949
-5.82155     -33.5051      44.3427
-8.55441      -30.987      52.1995
5.41894     -29.7967       53.254
3.89963     -17.9793      54.2626
-3.38807     -14.8609      61.2677
-7.72187     -13.7429      48.5364
-12.5199     -9.07105      60.3777
-21.1516     -35.9579      61.7518
-19.5866     -31.5367      70.8251
-24.8006     -32.6612      59.7835
22.0373     -27.8584      48.3418
-30.5441     -34.1734      48.6262
34.0008     -27.1179      48.9448
-33.6443     -25.8015      48.5269
34.0209     -16.1115      47.0437
-36.5497     -22.4354      38.8378
38.42     -18.9677      36.8186
-46.0685     -15.8191      50.4608
-55.0983      -17.008      47.1499
-42.8088     -9.46719      43.0635
-33.1874     -5.26521      50.5736
-22.6914     -15.0003      47.8785
13.8961     -8.89167      54.9689
-20.8894      7.88663      51.8379
21.5507      1.46888      53.7503
14.7094      9.77558      55.2907
-34.5336     -24.5973      62.5679
-40.2089     -10.4368       56.318
-11.1465     -37.9373      63.7668
13.7615     -31.9513      58.9027
30.6413     -21.5095      61.1648
-20.5086     -28.7741      63.8706
39.1109     -8.81493      56.1593
-11.0165      -32.601      62.4279
35.8626     -9.37478      44.2552
-29.2253      -15.929      56.2486
32.1325     -9.73228      58.2007
17.3708     -20.7311      67.5742
-31.8618     -7.85547      42.2464
21.3215     -16.6843      58.1987
25.8781     -15.7236      49.7145
-17.3996     -20.7667      58.0169
21.393     -17.3904      52.7334
12.6298     -19.3316      60.9996
-25.4355     -12.5914       59.846
-22.3149    -0.858925      59.5256
-16.9784      6.75745        64.12
25.0196     -43.1052      50.3465
-27.4472      -40.962      46.1244
-35.3166     -48.2728      51.3555
-42.861     -53.8193      50.4577
31.2679     -40.9197      44.3406
-38.5831      -46.244      38.6083
34.0998     -42.7348      38.4202
-34.9215     -50.1643      31.8126
39.4482     -46.8296      41.6704
-39.2537     -58.6906      33.4824
43.0421     -47.8165      38.6982
-44.5393      -16.135      29.1698
-42.1519     -26.6454      36.3452
49.6052      -12.157      40.1791
-52.7132     -24.6968      41.9555
49.1738        -21.7      49.7486
-52.971     -32.1708      45.7023
37.9645     -37.8842      55.6617
-43.7937     -38.6534       44.295
52.6001     -43.7128        47.91
-39.8712     -52.3356      40.9444
41.0064     -41.9755      42.7257
-38.9954     -35.8647      44.5877
25.7416     -33.4445      58.1083
-35.3326     -40.0968       60.891
35.8102     -34.1507      64.2473
-41.1428      -30.041       62.564
-44.4472     -24.3151      53.0023
28.5227     -26.9137       58.121
34.206     -29.6865      49.3902
-39.2969     -22.8265      49.8245
42.2231     -18.4591      54.8503
35.9145     -21.3761      44.9176
36.8437     -24.0201      37.4137
-52.1292     -54.7181       14.998
51.8401     -48.4443       22.273
-56.5824     -53.2175      11.9937
-47.1927      -54.616      4.58825
49.0417     -48.4678      15.1447
56.3175     -51.0801      8.73699
-46.8058     -65.1282     0.300078
55.6818     -44.3943      3.65948
-57.2196     -47.4203      1.26002
-58.0587     -39.6165     -3.52635
-47.532     -54.7289      36.3962
-54.3867     -50.5305      43.4941
58.0658     -35.6996      35.0637
-53.7769     -33.1482      33.4957
47.0597     -36.6144      29.5033
39.16     -36.0464      25.2939
-37.9452     -40.3951      17.7932
52.7711     -31.4675      -5.9515
-46.0416     -34.8202     -3.24702
56.9075     -18.1829     -7.84146
47.7891     -18.8726     -5.98752
62.3896     -17.2755     -1.39168
-56.3303     -24.7931      1.25445
63.6548     -23.3251      10.8653
53.9435      -8.6296      7.71655
52.951     -20.6101      8.57166
-45.046     -33.1092      5.33814
55.5564      -36.652    -0.303888
43.2236     -39.6797      6.45698
-51.5429     -49.8516      26.0137
-54.2097     -49.7612      3.31055
58.7805     -42.6959      24.5579
-50.0715      -42.255      9.26676
61.9052     -41.6341      10.8351
45.7814     -28.4965    -0.762555
-62.0538      -41.322       16.839
-61.4528     -41.0879      33.3566
60.0871     -37.4468      31.3246
56.0347     -30.4821      23.5958
-62.0109     -31.1688     0.861151
51.8768     -40.2894      29.0391
-54.3313     -37.0767       14.765
-60.4261     -30.2006      8.14912
43.1463     -39.5826      20.2474
-34.7717     -24.5281      7.73576
34.6227     -19.0322      13.8174
35.2979     -19.4591       6.1541
37.971     -16.8898     0.429901
-38.1441     -17.3516     -5.79352
39.8821     -11.5103     -7.48546
-42.1142     -10.4012     -11.3384
-38.3718     -7.63398     -9.86688
-35.7287     0.377556     -15.9631
40.7969      1.48669     -13.1177
41.9262      30.5246        8.601
-42.6348      20.1496     -3.36353
-49.4656      12.4546      12.4186
-39.7048      5.61469      7.72526
44.9319    -0.525032      7.46027
-42.429     -2.70888      6.19727
39.3505     -6.03677      15.6203
-37.718     -7.15746      16.1837
-37.5138      -16.163       16.025
39.468      39.5032      1.36753
-38.2482      51.1246      6.22939
42.8527      37.7275     -4.37834
-44.2526      37.1645     -7.50684
31.3781       32.517     -4.58873
-38.2888      19.3756     -4.13924
30.4582      18.2332     -2.25461
-36.6407      12.7143      -1.8533
25.9045      15.2717     -7.01586
32.0731      5.97945     -8.29891
35.4877     -9.50301     -1.47572
36.4807     -3.11861     -9.32255
-39.0417     -10.0637      8.67227
36.6711      3.95539      2.09973
-35.9309     0.793726     -7.33091
36.3589     -9.75699      10.1664
33.8749     -5.53685       17.396
30.3471      2.36754      12.3594
-33.9142    -0.644405      13.7625
-29.6227      22.0034      6.86253
31.2391      11.8376      14.5547
27.3972      14.0396     0.699902
-34.6313       7.1259      13.1172
26.7295      23.8265      4.76489
-34.0778      13.1641      12.3302
35.5992      19.3976      7.95117
43.0411      30.6253     -8.88356
-42.9277      26.6074     -11.6459
45.5573       18.955     -2.11142
22.774     -48.0651      63.2473
-22.0839     -56.3351      55.9134
27.5848     -56.8001      56.0499
-25.8503     -63.3469      58.3772
-12.4944       -59.76      49.1283
21.3027     -52.2391      41.4396
21.6788     -64.2809      35.4684
-19.2036     -64.1975      39.5061
-27.4002     -67.7029       27.761
29.4579     -79.6812      29.1521
18.5257     -55.3662      24.4606
-1.74258     -55.3274      33.5243
5.33649     -71.6179      25.8077
-15.3285     -66.4154      27.6916
9.87055      -74.934      12.2663
2.56319     -79.1465      16.5891
-9.86272     -81.0569      43.5042
14.894     -87.6691      17.7008
-6.72082     -90.6834      23.0328
-19.5672      -86.729      34.6033
19.2393     -62.8641      61.3322
-12.2405     -73.7831      46.0362
-10.4168     -69.4266      55.8747
14.3798     -69.7228      47.4148
12.6936     -61.2771      41.5458
-13.5981     -55.8553       56.045
13.7173     -83.1807      26.3587
-26.3512     -78.4365      45.6547
9.9769     -80.8268      39.7719
-9.34203     -63.7008      44.7379
16.2225     -75.6255      38.2965
-2.93393     -59.0565      57.0348
10.0505      -58.609      57.5729
12.7925     -60.1051      32.5318
6.73581     -59.1021      33.2937
-26.9112     -75.9023      22.5839
40.1978     -79.4007         8.58
38.724     -84.5129      17.9849
-39.7752     -75.2448      38.5806
41.8136     -71.1989      40.8431
-42.6154     -71.3265      22.7095
48.4463     -65.1213      36.6617
-54.6216     -64.9301      25.2808
50.0518      -56.407      44.1296
46.6181     -46.5956      33.9597
38.5455     -73.4753      22.4883
39.9985     -57.3635       31.853
-41.3393     -64.3548      39.5914
-36.8455     -69.6249        28.29
32.0553     -73.2096      36.8418
-41.926      -55.382      23.1299
36.2069     -58.0756      30.7683
29.0765     -64.4323      28.4102
31.5075     -64.5357      45.3816
-38.7223     -58.7193      24.7764
30.7537     -57.4974      35.2364
-27.8822     -58.5392      34.3964
-22.2744     -61.0885      35.8701
23.536     -56.9698      46.5832
-28.8122     -65.2474      47.6093
-22.6839     -55.8109      44.0601
31.4346     -53.1285      45.7173
-27.4527     -55.9702      49.3206
38.677     -52.2094      53.8081
30.9219     -41.8504      58.9101
-32.6517     -55.4852      58.4607
-27.9848     -92.5068      14.0257
-23.486     -88.7512      1.48699
37.1383     -81.6365      2.57238
-38.617     -82.3497     0.603546
45.9353     -83.1402     -4.65524
44.9877     -67.2409     -1.44468
-35.3337     -65.8916     0.560737
53.6688     -63.8892     -6.69337
-46.0482     -56.6993     -6.73566
31.5042     -79.1157      8.47638
47.289     -46.7911      -2.0942
39.3131     -67.1757      7.95184
-45.0892     -77.2698      9.57852
62.0008     -50.0604     -5.09288
-29.5801     -85.5345      23.8546
-30.8257     -79.6692      6.13413
-54.773     -61.9387     -2.05975
41.1163     -54.3324      8.55391
-33.689     -74.3374      10.0583
52.2824     -58.1613      1.28767
49.6587      -77.758      10.5412
-35.1647     -63.9482       13.737
-34.69     -82.0799      20.6349
-35.6727     -74.6472      14.0209
-42.6582     -56.4545      4.39543
46.7613     -76.8693      22.0287
41.2477     -64.7281      18.5867
-42.1279     -80.5946      25.7315
54.4552     -57.8138      15.9267
53.1695     -69.5383      23.7855
-48.5154     -69.2704      15.1745
-43.1914     -63.4702      13.6015
46.8395     -58.5375      23.0241
53.4114     -3.96294       35.861
-56.6065     -9.02708      21.1827
45.7546     -14.7875      27.5758
60.2101     -9.76762      23.5851
57.3652     -16.2218      23.1726
52.6498     -18.8453      17.5439
-51.5221     -20.3972      16.7832
43.381     -20.8433       16.303
-41.41     -28.6254      19.0646
-53.3058      -32.341      20.2044
-53.8054     -44.5389      43.2174
50.2766     -22.6847      35.9494
41.82     -25.6344       24.753
-57.0263     -38.6579      46.2302
52.179     -29.6433      24.7411
48.1406     -36.1587       48.699
54.9713     -26.7129      45.8453
-56.654      -27.305       44.074
62.3726     -22.6374      30.6119
-62.3836     -15.5051      20.7109
-58.7362     -18.5698      30.9856
-54.324     -14.8684      31.2077
50.3434      2.26639      42.9182
-51.8497     -6.95947      42.8726
43.4062     -2.85494      38.3891
-48.6165     -8.00789      36.8173
-38.7445     -3.90708      32.6528
27.347      1.53335      36.2958
-38.5118      14.0194      30.8437
38.2311      9.59199      27.8689
39.2711      27.0889      23.4285
-38.688      33.2572      30.8726
-33.9117      30.2151      16.7915
50.6708      7.30484      12.5813
48.7311       22.947      14.2995
40.3614      28.8467      18.9716
41.1397     -13.4765      12.2991
-48.9173      2.41798      6.86909
-43.7919      11.5507       25.079
51.6658      3.92768      6.90085
45.2257      19.5261      26.8958
-53.0503     -4.89777       10.799
-36.7325      21.3307      21.7695
-44.1905      26.0747      20.2034
-48.1134      2.28175      19.1378
34.4011      16.9207      30.0055
53.1915    -0.509369      15.1923
37.4151     -2.07262      26.7503
57.7597     -7.30228      11.8105
-37.9981     -1.11495      24.6594
-49.6585     -2.80529      17.0974
52.6128     -2.23485      24.4547
-57.2986     0.678753      19.5814
49.4596     -4.48977      29.2243
-47.2012     -6.05063      28.9688
27.7462      43.9776      7.85208
-22.9442       44.685      3.59972
-18.6923      53.7137     -1.51424
13.2367       53.645     -4.32452
-10.3363       53.978     -6.68366
-3.90323      48.2408     -7.29023
3.73073      58.6579     0.279012
8.83388      51.8868      1.42995
-8.84225      42.7958     0.615134
-6.98783      24.3298      -10.013
-3.63965      14.2638     -18.0235
24.6445       11.342     -26.3688
25.7087      13.0165      -14.553
-35.1767      51.5849     -6.72707
-31.9119      20.5181     -10.9022
25.5867     0.375628     -11.4406
37.2762      50.3997     -3.91741
-28.1104      29.3346     -7.17517
-26.1665      5.29791     -12.5135
16.5773      28.3213     -8.01104
25.2187      39.0918     -10.2051
-18.0757      13.4744     -12.4503
-19.3615       43.426     -5.09141
-20.4987      27.6509     -6.26643
17.3347      17.7407     -8.33727
-12.769      38.0633     -15.4191
15.4998      3.45631     -13.4057
12.0906      29.3348     -20.1649
9.91897      49.5219      -17.555
-9.57931      12.3212     -16.8804
10.7337      22.6042     -12.4524
-9.16327      29.1007     -16.2427
-1.37189      39.4683     -19.6409
-5.94655      23.8614     -17.2597
2.54028      39.1359     -23.6699
4.57415       16.142       -20.47
60.3748     -23.6821     -11.7917
-66.3634     -28.9507     -7.46198
-63.8484     -25.5987     -20.6175
61.1627     -10.5522     -22.6723
-51.298     -20.4871      -20.862
-55.4505     -1.67509     -22.5619
-46.7181     -6.19334     -28.6332
-43.3049     -1.28447     -34.2419
27.4327       7.6899     -31.3754
-26.0672      14.8893     -33.2536
-29.2189      8.08817     -22.8027
-28.6981     -52.3687     -7.74233
-34.4636     -38.5974     -11.3919
-30.5468     -28.3023     -23.7157
18.9474     -18.8522     -24.7738
-27.4658     -11.9639     -26.6646
-16.1737     -12.1393     -21.9394
-19.568     0.280663     -33.7436
22.368     0.473331      -30.654
27.4858     -57.5125     -3.19132
-28.7672     -65.4008     -8.39369
28.9525     -60.7004     -13.1198
-36.2428     -58.1718     -18.9729
-46.1451     -51.8476     -22.7378
40.4432     -53.1638     -13.5051
-40.0793      -48.974     -15.0261
-47.8324     -45.2737     -15.8319
60.2134     -39.1376     -13.9933
-59.6661     -42.2201     -15.6723
48.5863     -8.81346     -23.2664
56.4478     -24.5841     -20.8872
44.4364     -3.05573     -34.8437
32.7469     0.280542     -41.2924
-59.1685     -34.2506     -21.3479
-25.3131      5.22729     -38.9094
-35.9841     -12.9132     -39.2661
-54.2743     -25.1553     -32.4644
50.0456     -13.8609     -31.6648
57.6053     -33.3752     -24.7618
-52.7984     -42.8957     -26.0981
-28.6166     -11.0137     -32.1614
32.8251     -4.52401     -29.0753
36.931     -13.5387     -28.8482
-41.5604     -24.2188     -18.6023
43.697     -19.1055     -20.8326
50.206     -40.1922     -17.5934
29.0873     -12.9953     -32.2934
-46.1214     -32.5343     -17.4131
41.6059     -30.3498     -15.4826
32.5488     -16.4591     -23.0985
-44.4433     -40.6862     -25.4498
40.3338     -45.3683     -22.6511
37.0683     -25.2643     -22.7576
-32.5101     -43.7902     -20.6334
32.5556     -34.1791     -22.3933
-28.8647     -51.7549     -15.9497
29.4243     -46.6102     -15.0514
-32.5891     -48.9869      -8.7011
-13.6959     -99.5737      13.2753
21.7348     -99.8245      3.67141
7.70335     -97.9145      12.9172
-5.15671     -96.0617       17.341
-12.2129     -97.4884     -5.18688
-5.3097     -90.6231      -13.919
3.36345     -84.9244     -14.3885
-12.4667     -72.4044     -3.84569
12.5276     -73.9981     -8.27447
-18.2081     -67.9549     -9.03049
13.7763     -59.5628     -7.91999
24.3056     -90.4417     -2.54833
-43.7317     -70.0842      -5.8056
-30.7583     -92.8387     -12.2595
-49.0428     -46.7176        -8.91
15.4968     -96.7336     -2.51654
-42.1625      -82.546     -13.3338
-43.6165     -58.5885     -10.3433
36.8204     -88.3547     -15.6029
27.9518      -87.857     -7.52491
-23.45     -86.9622      -12.457
-21.0759     -97.2844      -18.321
-19.7088     -97.7629      -4.7552
48.3601     -45.4644     -11.4217
50.3568     -63.8655     -16.0992
-38.1399     -79.5303     -14.2612
39.5465     -67.8931     -11.4379
-24.6099     -86.3008     -21.9642
-43.5071     -69.6693     -15.8334
-12.2511     -93.3052     -12.1236
20.3182     -85.3512     -14.2462
-50.4017     -56.3994     -16.1482
31.7205     -75.5788     -9.73731
-20.8667     -79.1485     -4.64367
36.7057     -61.6839     -17.7446
-37.4693     -73.6908     -19.0353
17.9069     -79.3962     -7.71917
19.9146     -74.1453     -15.4776
9.20214     -64.9353     0.340931
-2.18081      -83.101      1.31234
14.0411     -91.9801      7.41605
5.08598     -87.6351     0.161594
-10.0366     -91.2409      7.77854
-2.23402     -72.1045      6.11328
3.01795     -74.8824      5.74681
6.65368     -88.9704      7.80618
-6.5621     -83.5382      24.8699
3.98963     -59.0974      5.34494
-6.72931     -81.8872      6.85168
13.242     -72.3955      2.72843
1.04663       -86.03      5.38408
-0.4507     -70.1656      18.1731
9.89074     -76.9407      2.09638
-11.8819     -70.6127      17.5008
-21.4927     -67.7858      10.1756
17.2858     -73.9217      8.50087
22.4823     -65.7395       9.6704
14.0308     -72.8895       10.674
-14.9847     -63.8696      10.5956
-21.176     -55.3551      23.2991
11.03     -69.0147      14.4337
3.03567     -70.0603      10.7841
-9.35677     -53.9918      17.0201
16.6189     -62.5905      10.8835
5.98015     -61.5845      17.1897
-23.2092     0.789642     -18.6626
13.9363     -9.50482     -14.9796
-19.7001      -20.674      -17.715
28.4667     -23.2283       -14.76
-21.8199     -26.8173     -13.0063
-30.8222     -16.6164     -19.4472
-20.2398     -33.5685     -8.16676
-18.5557      23.0975      56.7462
10.2709       30.056      48.2173
-14.894      34.6672      39.8123
16.7894      38.9311      42.3747
24.9018      42.0797      35.9548
-19.1253       42.789      24.0347
22.8471      36.1149      24.7256
-30.1262      36.8514      14.3314
29.123      42.1184      20.9269
-5.90273      37.1853     -1.27337
21.5487      47.1687      9.79739
-4.67894      56.5069     0.157148
-22.1201      59.1165       9.9355
2.41471      41.6417      1.17139
24.2274      39.2368      15.5869
21.1901      57.5625      9.05881
6.12489      35.4306      7.00907
29.9373      48.9048      22.0944
-32.817      44.5601      21.1549
-7.07554      60.7346      13.4063
6.9895      47.1615      11.8511
17.3172      44.3218      20.9849
-17.7421      55.3076      21.8107
15.3637      55.8919      24.3193
-3.51153      47.5885       12.462
-13.8615      39.0165      14.1583
3.75137      41.7413      14.6385
10.3948      29.4092      16.3529
-3.07966      54.8552      26.1547
4.10254      48.1601      23.9959
-4.87792      46.1259      32.7465
-5.57312      36.9838      26.4921
3.60672      33.5412       24.835
1.86449      44.9042      36.4435
-7.84092        44.91      43.3767
-3.51044      32.3477      42.5973
1.18286        26.04      43.7685
37.6864      40.7608      25.2767
26.092      29.6888      32.8146
-24.5802      26.9638      31.4593
-30.7304      28.9835      28.1852
22.1299      18.5465       53.865
22.258      19.3621      37.2767
-24.4523      21.5641      44.0347
29.6589      29.0669      30.2056
3.75725     -45.9695      23.9169
20.2409     -42.8396      61.7631
51.0385     -8.02544      43.1579
4.13783      14.3091      61.4023
26.3566     -90.4697       15.495
51.99     -40.3216      39.1018
33.8266      35.0781      11.5751
26.4383     -47.4174      -8.3835
67.6768     -36.4307     0.528814
31.105     -27.7537      20.8426
35.0286      8.83816     -20.5161
-32.3291      11.5498      45.1873
25.3713      25.3495      39.7253
39.7977      26.0615       38.216
-35.8132      27.2056      41.0327
-30.2737      8.52114      49.3881
24.6182        1.985      45.3958
33.2368      21.8902      40.0533
29.5443      4.78641      47.1616
-37.6217      16.1572      47.1811
2.58385     -39.2612      42.5154
27.4779      12.2687      51.3185
-42.1513      17.6918      39.5445
28.3007      21.4326      51.2184
31.3647      14.9296      40.8326
-26.526     -1.61576       57.282
-50.8064     -1.44235      43.3909
-45.8437      6.17818      40.7853
39.7825      9.56287      45.0016
36.5584      3.23509      47.8227
43.3866     -1.50173      48.6786
-39.7917      5.66028     -12.7492
39.1285      -24.162      5.65192
42.7455      16.0032     -22.9047
-48.0494      10.5053      -18.486
-47.4107     -14.1714      1.69981
48.3656     -3.40912     -6.65489
-50.8295     -6.82753    -0.664837
-42.9264     -21.5104      6.97833
-55.5185     -22.1062      9.17746
20.1809     -35.5729      69.8946
51.2613      7.30652     -1.24392
-57.8326      -4.9632     -4.63314
43.7013      3.68415     -19.0686
57.6429     -1.28893     -3.85097
-64.2688     -15.9811     -4.69184
-44.1304      4.62564     -27.0752
-49.4756     -16.5238     -13.2118
47.3509     -11.1407     -13.5464
-54.0741     -23.6821     -5.79162
53.6218      -5.2825     -17.7534
25.0069     -9.48323      60.8021
33.3889     -46.1381       34.656
44.4225      -25.862      41.1228
59.9164     -57.1326      20.4696
44.5253     -29.4946      10.0694
40.2593      8.46368      5.79733
41.6111      24.2484     -9.58584
27.7582     -76.0932      36.3604
29.9616      -76.463      17.9503
50.9992     -60.4844      30.8766
35.7887     -87.9312      13.0803
59.3439     -42.2445     -9.46146
39.2742     -63.6526      14.7295
1.10317      24.5326     -8.49803
38.0846      3.42637     -34.8702
31.6763      19.0335     -31.0223
34.667     -33.4049     -13.3795
25.7522     -27.0447     -22.9707
15.0986     -96.9904     -13.8116
