-6.49812     -40.2672      32.3243
-18.6045       -50.99       61.489
-42.3692     -12.3184      38.4453
7.17291      1.56741      65.7646
-19.0356     -87.7116      11.5495
-48.3477     -51.8899      36.8114
-31.8681      47.8056      10.4737
-23.0143     -64.5898     -9.13988
-57.9358     -43.8245     -11.8278
-33.9215     -28.7342      11.8107
-29.0601      5.14009     -26.2226
-3.97651     -29.9112      25.6288
-3.9139     -48.4604      19.6014
8.69305     -54.2554      20.8888
10.1191     -48.3173      5.35259
-12.3486     -49.3506      3.39062
24.4099      -51.503      1.45037
-25.1441     -59.5099      2.90098
13.33     -47.3956     -3.59888
-13.0752     -54.0529     0.367969
12.1544     -64.6057      -8.2544
-15.451     -62.7991     -5.69276
21.1873     -37.7711     -2.41591
-28.6754     -38.4494     -7.95073
-22.3001     -32.4959     -9.81065
27.537     -28.4696     -13.0308
27.0192     -45.4566     -9.21415
-19.1441     -37.4257     -4.63838
-22.01     -49.9088     -2.11155
6.52787     -44.6691      30.3278
2.12504     -36.2148      32.9131
-3.69579     -29.9467      37.4935
12.5382     -30.5186      31.8195
-16.7878     -33.5256      33.6781
-12.8025     -20.2659        38.74
9.3301     -20.3442      38.3618
10.6991     -19.2372      42.2018
-9.4316     -2.67908      38.1366
7.10729     -3.27437      48.9002
-3.96974     -10.9475      48.4561
-8.97    -0.489283      54.9215
-6.26611      7.48132      63.3792
-13.7906      20.4693      54.0385
7.44787       7.7151      57.3681
-9.26547       18.053      47.5731
3.39682      15.4755      51.0646
2.48251      22.4698      46.6496
8.77825        11.71      37.0961
10.2001      26.8824      27.7331
-13.8748       31.989      24.0018
1.38736      27.6094      23.2691
-4.32262       32.582      23.3583
-2.14162     -20.9384      32.9846
5.59771     -10.2947      38.7904
10.379      2.90589      41.6389
-12.7417      6.92698      45.1582
-4.48625     -9.77216      40.1367
5.16392     -21.2061      26.9458
-2.86141     -7.41404      30.1859
-9.34394      11.1328      32.4674
2.71847     -7.92018      31.0203
-11.4133      19.8547       33.777
9.1033     -49.1338      43.9208
-10.1304     -51.3383      43.1405
-11.56     -52.5073      52.3594
10.4441     -53.9489      52.0843
15.9875     -53.0289      57.7505
12.6336     -45.9736      73.2161
-15.2027     -36.3483      72.3578
7.30575     -41.4342      71.8754
-9.45142     -43.7008      70.7697
10.0338     -38.7035      63.3483
-9.2065     -42.2936      60.4499
-0.0314304     -37.9285      58.5307
-9.64436     -30.3491      69.6302
-5.32463     -33.8407      52.6316
0.980404     -31.2342       48.938
-9.75882     -13.3734       66.067
8.92359     -17.7797      58.6177
1.39188     -42.9977      40.6541
-15.209     -46.9136      43.1174
16.9163     -44.5488      39.6387
-12.0415     -45.1395      63.6672
15.2381     -43.2598      58.8746
-8.30198      -39.223      37.2456
-11.9631     -42.3875      50.3707
10.1328     -38.7475      49.0856
5.60787     -46.3102      57.7699
8.4215     -30.0876      42.3176
-4.72163     -18.7348      44.1681
3.43238     -14.7957      46.8028
-6.87906     -14.1631      59.1057
-23.6963     -38.8543      61.3279
23.2488     -34.9766      65.5466
-19.191     -33.3974      59.9997
22.0342     -35.1608      56.6978
-25.2614     -34.3667       52.604
-23.7691     -31.1392      50.4895
31.0881     -27.2246      48.7061
-36.8008     -28.7197      49.7949
37.9961     -24.9575       42.034
-33.6091      -24.029      42.6525
41.6443       1.6846      39.0928
-39.3327     -11.3106      42.5734
-27.5986     -7.20918      46.2036
35.313     -2.31374      41.1005
27.1489     -7.18762      49.9807
-20.6214      2.12996      52.1895
25.8919     -3.57323      60.4303
-24.4536      17.2007       51.145
17.8145       6.8821      54.7187
19.9937     -31.9056      52.5801
-43.0412     -16.3571       49.556
43.6634     -22.6659      58.4856
33.0956     -9.03236      53.6485
-12.605     -33.4426      59.4643
-34.3704     -23.5969      64.7891
11.0798     -34.5579      58.4416
-30.5433     -13.8247      55.4319
34.79     -26.2128      65.0377
-17.8921     -22.4717      60.1685
22.0653     -22.1422      67.7915
28.0385     -14.5136      44.0198
25.4935     -19.4048      55.9417
11.1735     -24.0354      57.3325
-22.538     -17.6672      53.1792
21.0797     -10.8922      49.4556
-20.4778     -11.5955      66.6832
10.3442     -8.96031      58.4916
25.2743     -45.3666      63.1673
24.6418     -47.6269      49.6888
-25.7614     -49.9314      48.4245
33.1648     -48.1049       54.257
-29.6701     -38.8232      36.6593
-28.627     -46.5064      34.0787
27.4628     -48.2445      35.7744
-42.5325     -43.9547      33.0424
-46.065     -10.9671      27.5819
47.0611     -15.7833      30.2385
-47.9609     -16.0206      26.1948
-56.3211     -14.8829      38.0713
47.2     -17.1063      47.5096
53.4887     -18.4434      34.6196
47.4888     -25.8986      31.5226
-43.2959     -27.3042      30.0614
41.7847     -30.5936      40.6744
56.1784      -34.421      47.7902
-29.1452     -37.0676      49.5371
31.1271     -41.8692      58.9088
37.4838     -41.0119      43.6234
32.653     -37.9803      41.7946
-42.5261     -35.0253      44.5683
34.8672      -37.996      49.4311
-37.8413     -32.3728      34.1804
43.1348     -36.4238      42.4553
-39.1916     -41.1559      55.9473
-35.0368     -32.6086      54.5381
32.3004     -34.0276      57.0154
41.7692     -33.0714      53.4812
-50.9526     -21.7153      46.0882
-46.4549     -29.2038      57.6987
-39.2843     -29.3372      44.6205
-43.0387     -22.7875      48.0898
-49.0677     -17.0972      41.2105
-55.5414     -56.7441      39.5863
53.1066      -46.567      29.4608
-43.5375     -58.8955      35.2995
52.4456      -47.852      16.5106
-49.542     -56.6741      20.1758
40.7746     -49.3222      13.7186
-36.0169     -63.5018      21.2828
-43.9294     -51.7156     0.538621
44.0656     -44.2486   0.00274849
-54.5751     -61.4208     -1.77014
52.1256       -55.61      1.34344
61.5215     -46.7875    -0.882695
-50.9361     -48.6376     -6.60939
-64.9426     -44.3288     -4.39995
-56.048     -48.6204      39.9787
60.3857     -41.4242      34.9291
-52.6252     -48.6211       29.475
59.6276     -31.7425       35.032
-43.7261     -43.3681      22.2934
45.5924     -40.1635      16.5136
-42.5713     -41.0851      10.4162
40.1629     -31.4538      11.7635
-43.1131     -32.0866      18.5035
36.5019     -31.8383      11.3544
-59.2989      -35.411     -8.86511
-47.6174     -35.7924     -9.77473
45.1172     -30.1316     -5.77954
-46.1074     -26.1236     -3.90223
50.9149     -20.9583     -6.68075
-61.2144     -15.0017    -0.325659
-46.1555     -31.6264      9.33585
47.7532     -25.4482      5.55669
-40.3986     -26.2284      5.66927
45.4939     -47.5202      3.67153
-56.5564      -58.543       26.874
-53.9794      -59.073      11.3681
-44.1429     -39.4259    -0.473954
-55.7513     -61.8932      17.7491
53.413     -41.3167      5.33888
56.0654     -44.3006      20.1417
63.6394     -44.3515      9.74601
-60.3519     -50.6898      4.57424
-57.5127     -34.8469    -0.535485
51.6451     -31.8039    0.0853205
66.3168     -31.3713      1.49354
-57.4841     -51.0341      15.4695
61.857     -24.0341      1.19684
60.8531     -35.1586      10.5777
-65.3666     -41.3588      6.88181
-56.708     -42.5668      9.09893
61.3665     -25.8317      9.59492
-60.9884     -30.9801      7.89238
-31.8732     -22.3996      4.75392
32.8635     -21.7831      8.07815
39.3243     -22.9908     -2.09468
47.5601      -14.609     -5.86328
-37.9094     -12.9755     -11.4991
34.4869     -10.2955     -4.51829
-37.8107     -2.88954     -17.5014
38.1876     -1.57608     -13.4862
-41.8719      9.78214     -17.9967
45.6289      34.4852      11.0866
-36.6738      38.9494      11.3221
-47.8551      38.3471      8.09065
-47.8898      26.6715     -0.81098
-43.7439      18.3694      10.5736
43.3548      17.1511       16.759
-31.4169      12.8449      12.9169
41.4944      3.33934      9.80349
-45.0468      5.72413      4.46339
43.7113     -6.32505      12.3594
-39.8287     -13.3997      14.9474
34.5765     -14.7012      17.2469
-35.31      42.7866     -2.67316
42.1799      44.3572     -2.64712
-37.0591      37.7457     -14.3209
-49.3057      27.5074     -7.97519
41.0384      22.6619      -9.7218
-39.7942      20.8353     -12.1022
26.1063      18.0068       -7.066
-29.6638      23.3677     -4.21446
-26.1629      15.9545     -3.86577
-25.7965      10.4566     -10.1753
-30.8365      2.71602     -13.8628
-36.9021     -7.90181     -9.10708
39.4987     -8.64277      6.10221
-35.1128      -9.2535       8.0692
35.8752      9.49034      2.74436
-37.0711      4.41446      -1.4105
-31.9953      1.23341       11.618
32.8969      3.90589      13.5441
28.3333      19.5629       16.055
-30.3672      23.0858      12.2331
-29.8942      28.7608      6.73155
33.2053      30.4943      4.42788
-42.4297      35.6331      -1.5006
47.6571      34.0881      -7.4927
41.9213      31.2042     -13.8027
-48.6125      40.1221      -3.6495
50.1827       25.849     0.401206
-24.1163      -56.526      55.6924
-24.8484     -56.7004      48.0089
-13.2972     -64.1604      45.1782
18.9015     -68.4904      35.4819
-16.6673     -68.7969      35.9478
-30.3207      -76.391      16.8634
25.1301     -73.6565      27.1907
23.6614     -87.2697      18.5529
-20.3019     -85.6183      17.2719
-12.8954     -57.6724      31.9037
0.759786     -62.7882      19.6307
-10.8061     -66.9498      21.5232
13.5682     -61.6155      18.3462
-11.588     -72.8218      34.0265
20.2817     -70.7618       23.267
-17.9707     -80.3724      25.7253
7.29556     -86.1112      32.8134
-8.54102     -93.2547      16.3127
-27.8338     -88.8246      27.0887
9.15678     -71.0423      35.7296
11.6475     -66.1363       41.568
15.4503     -82.0795      40.7822
-9.79034     -58.6635      45.6711
-21.9822     -83.3196      35.6488
8.34202     -58.8044      51.5996
20.4854     -80.5222      26.4728
5.40382     -68.0556      31.0016
-3.34019     -74.2516      30.8822
4.02214     -52.3966      30.9906
28.3735     -77.1071      12.3494
-31.3742     -82.8681      7.27221
-34.3796     -78.9013      15.6184
37.8785     -77.6409      27.4643
-38.1663     -85.1673      24.3859
38.6273     -71.0922      39.2573
-42.1568     -75.8877      35.2354
47.5453     -62.2739      29.0553
44.7938     -57.2634      36.3599
-45.8948     -54.6489       41.804
41.4161     -43.7209      34.8829
32.7672     -74.3625       32.699
-37.6741     -53.6682      41.5142
-32.0504     -75.7118       34.221
38.5585     -57.4771      39.9153
32.9071     -65.8082      43.3102
-34.7232     -63.9257      31.1206
30.8     -65.4138      28.1352
-32.807     -63.2954      39.2598
29.5612     -65.3229      56.1871
-31.0433     -49.3325      56.8894
28.7873     -87.1055      6.03999
-19.583     -91.1078      2.25479
38.6053     -86.6814      2.89876
-27.2213     -84.9354     -4.48578
-52.184     -71.5841       1.6883
48.4493     -76.4733      1.61059
-46.6078     -72.8417     -7.85956
41.1415     -63.6514     -9.41431
49.9798     -47.8847      -10.741
-55.6358     -59.7556     -12.9568
-41.2828     -73.2329      5.26842
-42.8869     -61.1866      4.68977
41.3079     -62.3047     -1.59817
47.0781     -67.3149      7.49732
56.647      -64.326     -1.61919
38.9973     -75.0743      18.1466
-38.3544     -66.7922      11.6562
37.5762      -62.979      10.3624
-45.2172     -74.4476       17.591
38.622     -65.6288      24.0242
45.7967     -56.8102      12.4176
48.8377     -65.3398      19.8672
42.1798     -55.8973      20.1118
51.714     -51.9839      34.1573
-49.5723       -5.934      17.9529
-55.0519     -8.80241      6.45732
61.1797     -1.79867      16.0609
59.3571     -6.82067      8.65501
-55.3018     -15.2326      10.6075
50.0332     -10.6762      17.9349
-50.8656     -17.4688      18.2166
51.6109     -30.4972      20.6238
-52.2642     -41.9296      26.4754
42.2132     -21.8401      16.5249
-53.6971       -39.47      48.8362
-55.4152     -31.9032      18.1183
-62.8418     -38.6398      26.2019
53.2584      -27.878      44.4245
-51.3359     -34.7668      32.3407
59.8543     -18.2439      20.8252
-61.9666     -28.0985      26.1538
56.6471     -24.4758      25.9537
-56.4729     -22.2371      23.2612
-56.6528     -6.69422      24.6265
59.0473     -7.89758      32.6353
55.7096     -6.01363      22.1872
44.6914     -8.36706      39.6759
-48.8787     -3.12926      30.5584
-38.1124     -4.17042      33.0612
-37.8171      6.65187      30.9668
32.6215      10.9637      38.1338
37.2752      18.0278      32.9145
-44.2962      16.3163       34.929
-46.0283       28.062       25.215
42.0176      34.1024       28.557
-36.1146      33.7449       21.588
36.5738      25.9054      20.8708
47.7884      8.98941      2.19538
-50.9766      25.0118      12.9756
50.3076      25.6968      16.4303
52.9626      12.6786       4.9609
-43.0692      10.1188      11.1955
51.6114       15.637      26.3856
-37.7333      28.2594      17.9787
-50.9581      16.6935      21.5483
44.3947      20.1058      24.4837
-50.2334     -5.54496      2.27847
46.9025       8.0346      9.97375
52.3028     0.916191      12.3639
45.4331      21.5398      29.8419
-53.929      1.22716      3.63772
-37.6531      16.6144       19.835
-43.9214      3.22183      14.9033
37.7214      14.6322      25.6125
36.5741      3.54496      23.6401
-41.4822      8.88137      22.6897
-52.3954      4.36595      19.3676
-40.6057    -0.326815       24.579
51.3868       5.6076      23.8086
55.159      4.78707      34.1064
46.3439    -0.392286      29.1625
-57.7288       3.3752      30.2252
33.1829      37.7956      16.8095
-26.0729      44.8793      4.23289
33.524      42.7648      6.40751
15.0208      56.1504     -4.34432
-12.9795      60.0836     -4.78529
4.55771      57.4519     -2.39445
-5.68584      51.6041     -2.78665
5.72908       41.689     -10.2981
-5.34441      45.3769     -12.3758
-9.29937      35.3357     -8.62267
7.27231      25.6956      -6.0556
-3.85751      22.0649     -6.14882
2.79261      13.7465     -16.1397
-4.67471      20.6201     -11.8606
10.7453      9.37542     -9.00438
33.4029      36.8862     -3.93884
-38.7569      31.9775     -7.02336
26.0987       3.7094     -11.6086
-25.4619      52.6876     -10.8187
31.5999      28.6848     -11.2152
-24.182      26.9707     -9.34274
-30.6537      12.2581     -17.8694
21.9018      17.0588     -14.8408
-21.9688      5.64418     -17.2766
26.2161      41.3949     -5.24324
29.4264      55.3197     -2.58794
19.1924      24.2003     -7.29386
18.5173      35.8278     -8.12694
-18.3562        35.44      -10.992
14.0677      18.0979     -16.0944
15.9455      10.2155     -10.5399
-15.2848      47.0878     -12.8748
-11.8599      18.0469     -15.5151
-9.4034      37.5888     -17.7042
12.0795      28.3351     -12.2873
9.02493      43.3711      -14.677
7.22213      27.7628     -16.9158
4.34754      35.8848      -21.419
-4.86857      24.8534     -21.0168
59.8493     -34.0325     -13.5305
55.8943     -26.8124     -16.2664
-57.6498     -23.0964     -12.7633
50.2315     -13.8554     -23.7896
-55.4473     -30.2948     -24.6968
-55.9933     -10.5365     -26.4983
-50.1973     -6.28623     -34.3412
33.4835      1.77601     -39.5248
-43.7672      3.60101     -30.0778
-37.1583      12.3288     -29.8262
27.1242      7.29987     -33.9234
32.9438       16.613      -26.841
-31.1796     -47.9306      -6.3423
-30.2951     -35.9052     -14.9422
28.623     -37.0942     -14.7491
34.4554     -34.3513     -16.8046
23.7999     -23.9103      -24.648
-30.9801     -15.8082     -28.0602
19.7648     -3.68493     -28.3743
-22.2205      1.78443      -31.204
-29.5653     -52.8628     -12.1771
27.7872     -66.4894     -10.7883
-33.9383     -58.3149     -19.2352
31.5537     -59.8827     -18.2273
-48.3479      -59.661     -21.3936
41.686     -57.2318     -13.9597
-48.7578     -44.7934     -14.5953
55.924     -55.8201     -19.8499
-59.7356     -33.8119     -21.4493
-31.3701        9.102     -34.7522
-45.0176     -7.56026     -36.7433
-24.8442      6.29385     -36.8978
46.5328     -4.38338      -40.133
54.2466     -15.0634     -29.8655
33.3016     -5.52419     -31.1524
56.4952     -26.8682     -20.3636
-52.3714      -38.102     -26.4709
-56.022     -44.4881     -26.8031
-48.0396     -21.1808     -33.8202
51.464     -30.6312       -23.35
-26.299     -6.92624     -44.7946
-34.2195     -3.43537      -35.114
29.9843     -10.9943     -44.0098
-42.7471     -35.2672     -17.5726
32.8691     -16.7096     -28.8287
40.3891      -15.909     -28.9409
-38.3723     -18.9664     -28.1156
39.4136       -30.89      -19.752
42.5892     -44.7422     -19.0967
-37.2132     -49.8174     -18.3405
-34.5432     -42.3313     -24.9137
-30.5081     -31.1948     -27.9069
37.7213      -47.719     -21.6829
30.9883      -31.105     -22.7752
-24.8159     -42.1521     -18.4566
27.2384     -48.7929     -14.2442
15.303     -97.9133      3.57825
-12.2093     -97.1874     -5.96251
7.90868     -99.0578     -10.4248
12.2163     -96.4154     -3.84849
2.82563     -91.7706     -16.6859
-6.09038     -94.8622     -6.23474
-4.68718     -79.6878     -9.46903
3.52707       -75.05     -6.16292
-9.65476     -80.1242     -8.23824
14.5584     -74.5694     -6.89694
35.4098      -78.077      -7.9261
31.0011     -95.8242     -9.10223
20.0292     -95.8108     -3.13233
-50.6799     -60.8416      -18.205
-14.0778     -99.1484      1.05163
-36.1451     -72.3846     -8.64638
-36.9747     -82.9383     -19.0138
-29.871     -89.4357     -19.1889
-19.5542      -92.541     -16.2414
38.3366      -70.753     -14.8352
30.2392     -87.3915     -17.8717
-15.3091      -89.428     -25.0133
-40.5679     -55.9894     -8.88864
-28.1688     -82.0433     -15.3752
-17.3818     -88.5009     -13.3405
29.2818     -76.7313     -15.5318
-10.832     -98.7055     -15.5442
-21.7642     -78.4882     -20.7275
-35.7343     -70.8206     -16.6059
8.02429     -87.3244      -13.983
-21.3278     -76.5344     -6.99176
-8.08906     -90.7763     -10.7807
-12.8561     -77.6497     -15.7555
-3.40576     -86.1687     -2.22695
-6.69197     -70.6881      2.37238
9.45043     -90.4184      2.30573
2.81502     -77.8024      2.49574
-9.61724     -71.2452      5.99322
-3.75359     -88.6675      8.27173
0.591683     -88.2125      6.75046
-12.126     -77.5349       8.7577
8.05758      -81.267      8.47541
14.1583      -60.961      2.08708
1.23611     -72.1261      7.50771
-3.86045     -80.3086       19.887
0.912058     -77.8878      19.6553
16.4859     -73.0059      5.98544
-11.5306     -68.6474      14.9813
15.2952     -64.4955      3.05499
18.8194     -71.8495      13.5839
-14.9111     -80.1008      18.7041
-23.3555     -65.2922      11.5631
-19.8161     -60.3689      18.6055
-11.075     -59.7164      11.7785
12.6049      -60.413      8.63711
22.1454     -15.4481     -18.5624
-20.8567     -26.2541     -23.8149
-17.9858     -14.7848     -17.9132
-28.1716     -15.1508     -21.3299
32.178      -17.277     -19.0379
-28.6214     -27.6916      -15.191
7.2225      19.7542      53.9454
-17.5826      31.0953      49.1653
10.0608      35.1587      45.5588
-19.0943      31.5118      42.0073
16.4947      31.9409      34.6282
-14.8767       43.164      39.2414
-25.1108      34.0573       33.171
-29.0235      37.5854      25.9419
29.6297      42.0401      29.4489
-7.42112      39.6074      1.00744
14.5088        43.57     0.455415
-15.1992       45.294     0.841547
22.3832      45.1247      13.5257
-20.8528      52.9116      8.36784
24.911      56.0289      11.7508
2.46766       36.166      1.06711
-7.86237      58.1089       6.3996
-14.4645      55.5138      17.2323
9.16414      45.0606      6.67739
1.82263      53.4489      10.0762
-4.2563      53.1537       22.452
-21.5556      47.2834      28.7773
-12.2339      47.1426      13.3321
16.7791      53.3577      16.2182
-4.78178      45.7508      15.5658
3.56684      49.7691      18.7894
22.536      43.9704       23.323
15.9538      49.8282      26.8527
-12.2049      44.0001      24.3791
11.2397      34.4725      17.1544
8.34779      53.6612      31.3004
9.81414      37.9054      29.2679
-8.46793       39.343      33.0951
5.60016      47.0943      38.1289
-5.4146      37.8684       48.867
5.92146       27.996      38.7688
-4.81992      28.0098      39.4767
-12.5075      28.7726      53.0876
23.8654      34.8691        31.39
26.8299       32.435      40.1229
15.1298      24.4886      39.9207
1.8972      -46.482      24.5445
19.6333     -40.0574      67.7215
40.3485     -13.5159      44.1246
10.1918     -92.9206       13.773
46.3211     -40.1327      40.8338
20.0476     -57.3492     -12.4786
62.7473     -35.2766     -3.58479
33.033     -24.4836      16.2605
26.9237      5.19267     -25.8824
4.89214     -33.8371      25.8734
-37.2812      29.4695      38.7223
30.6662      27.8507      26.2961
16.32      12.9421       46.769
-37.4219      22.9592      26.5306
-24.2666      10.6439      42.5945
25.9628      23.1919      38.7576
20.4978      19.1146      47.4244
29.9372      23.4932      36.6347
-32.6202      10.0274      44.3153
31.092      5.57028      46.0149
-36.9272      9.81779      44.5001
4.11145     -4.08769      58.8425
37.6713      16.8548      49.5343
-32.255     -2.06981      56.9246
41.9111      3.83641      53.0466
-48.1069      5.39006      38.8856
-33.8151     -5.43781      45.7792
45.0815      9.65294      35.0666
48.6949     -5.64665     -10.0888
42.1534      11.8959      -13.615
50.6834      7.86333     -4.45357
-42.3458     -18.5366     -2.75504
-50.6429     -1.55754     -3.34102
41.6397     -19.8804      8.70608
43.1305      11.6075     -26.0126
32.928      12.7617     -35.2888
56.5928     -6.40072     -2.87908
46.0273      6.66066     -22.7669
53.567     -1.26304     -10.5269
-50.4581      3.59506     -26.2482
-45.5993     -6.06351     -19.9708
50.809     -1.93449     -22.4601
46.5011     -9.53305      -17.635
-44.3361      -19.237     -8.44046
-50.8939     -20.5658     -17.1973
46.2695      -17.591     -14.9813
62.5075     -18.4056     -19.6572
-58.5406     -25.9003       -7.701
48.5437     -11.7123      32.5487
59.3679      -10.142     0.316489
52.7002      20.6611      8.13162
18.6369     -57.8689      43.4042
8.967     -71.2327      28.3246
54.8855    -0.748249      23.4776
33.4485     -1.41621      31.0003
43.1304     0.925583     -34.2578
